100
25.7242 25.0398 23.628 26.7101 21.6463 22.2572 24.4482 25.9945 23.3633 24.8285 25.4437 22.4542 22.7915 22.4761 23.6173 24.6564 22.5608 24.5218 25.4664 26.1137 23.0952 26.0537 22.9948 26.747 24.8818 25.3583 20.9491 22.2774 22.6164 23.8235 22.3639 24.415 22.3893 24.2124 23.9268 21.5538 24.0122 22.5927 21.6986 24.527 25.5023 24.6917 24.7428 21.0234 22.3169 23.6973 24.8853 23.7897 22.2713 23.8611 20.8974 25.321 26.2736 23.416 20.3127 21.9997 23.5236 24.5835 27.0127 21.5863 22.6625 24.3784 24.9269 24.9967 25.6169 20.6775 25.4967 22.4428 24.786 26.4089 22.1593 22.4615 20.6579 23.9563 22.7245 21.9438 23.1218 25.6378 23.653 25.0087 24.3397 20.1153 23.018 22.8579 22.3837 23.8274 22.5485 25.7596 24.3658 24.1714 25.9919 21.1696 25.6082 20.0071 23.7791 22.6862 21.8974 22.6179 22.7827 24.328 
32.2487 31.6853 25.8268 29.9114 23.7798 26.0242 28.5461 28.551 29.2745 28.9374 28.8977 25.8555 25.7243 26.3987 25.4431 27.5262 27.0899 27.8594 28.4588 30.8474 26.8796 30.9956 26.4558 29.0993 29.644 26.037 23.6707 25.9396 28.9051 26.5218 25.1367 27.1242 27.0061 28.3116 26.5128 26.3273 25.2099 24.641 26.3268 27.0267 28.0446 26.4354 29.1392 24.6346 27.6754 26.8911 29.1852 25.0282 25.1351 27.0675 23.6023 27.1146 28.2003 26.6876 24.0377 26.5391 26.0691 26.5947 29.8478 26.8714 25.4098 27.6497 27.0789 26.9493 31.0262 23.7389 28.5605 27.2903 27.3509 29.8555 28.0014 25.4768 25.212 27.9744 25.5164 24.4067 26.7975 27.9322 27.7248 28.7343 27.7464 24.8556 28.1584 26.7073 27.2966 28.1818 26.0812 29.1247 28.16 29.1405 28.6841 27.2533 28.5649 23.8029 25.8435 26.38 25.9818 25.1161 24.7359 26.7267 
26.6788 26.9765 23.697 23.9223 22.9066 24.0466 24.5616 26.4714 25.6218 26.7807 25.402 25.1245 24.3656 22.4543 22.9976 25.2543 23.0928 25.4123 23.7454 27.3893 24.3868 27.0377 22.9054 25.0718 26.0655 24.4426 21.8629 21.0381 25.23 25.1092 21.8183 23.5943 23.8758 25.2998 24.0911 24.7665 25.0068 22.7339 23.302 25.0895 25.8608 25.2814 23.8622 21.6302 21.4761 22.8932 26.3986 22.5183 23.7185 23.1209 21.5774 25.2387 25.7768 23.1415 22.4938 23.7959 23.8705 25.6476 26.3797 21.8782 24.5768 26.8502 23.3514 24.5714 25.3975 22.0124 25.2732 22.8707 22.1567 29.4424 26.4549 23.5227 23.712 24.3753 23.7215 21.3262 22.0089 24.783 23.9107 24.9451 25.7444 22.5962 23.54 24.1046 22.9796 25.9212 22.7242 27.4154 25.4201 27.2568 26.5361 23.004 26.4174 21.669 24.6636 24.07 23.6103 23.9136 25.3173 26.0344 
27.7059 26.7499 23.5705 26.3575 21.624 23.174 24.4955 25.8253 24.9386 28.2531 26.0128 24.1799 22.6936 23.3361 22.9843 27.0778 24.8112 24.7254 24.4387 27.5746 24.7165 28.6176 24.2246 28.0523 24.8165 23.5423 21.6229 22.4289 25.3353 25.1737 21.1344 23.5499 23.6172 24.4832 25.0173 24.0049 25.3796 21.7396 22.8653 24.2883 24.9727 24.8758 25.1461 22.147 24.4101 23.792 27.0613 23.6376 22.3791 25.4714 22.3129 25.759 26.4528 22.0565 21.9224 23.5567 23.2033 25.3331 26.1429 23.9468 24.2149 26.0803 24.5609 25.0029 25.9837 20.7287 24.238 24.1904 23.2577 27.5911 25.0019 23.5084 21.1468 25.1519 24.2689 23.0544 23.7892 25.3477 22.9258 25.4488 24.6957 21.3104 25.5275 23.6695 24.6874 24.9424 22.2157 26.3734 26.4563 25.4153 26.171 23.1589 28.1265 21.5493 23.6292 23.6357 23.5373 24.697 25.7402 25.5748 
27.9035 26.8686 25.3004 26.229 23.1787 23.0493 25.8224 25.9079 24.7547 26.4741 27.325 24.1677 24.5655 25.1263 24.4001 25.1564 24.2848 25.2905 25.1972 28.7409 23.685 27.3603 23.3319 25.8428 25.5121 23.7467 20.9667 22.5849 25.671 23.9851 21.7116 24.8803 24.5236 25.1152 25.2464 23.7319 24.1777 22.8375 21.2465 24.1882 26.4163 24.7242 26.5617 21.0161 24.8337 23.7328 27.0916 23.2484 22.1694 23.6142 20.9038 25.2348 24.1402 24.8999 21.9305 24.2582 24.3789 26.214 26.299 23.3872 26.216 23.9564 25.3419 24.0088 25.8778 22.2604 26.0985 24.1065 24.4826 27.1923 24.2681 23.9802 22.6861 25.3754 22.2774 23.1629 24.5608 27.1595 23.2339 24.3251 25.6545 21.9422 25.5966 24.6714 24.5325 25.5421 22.7066 26.8412 26.0938 25.8447 26.7431 24.133 24.7744 22.9691 22.9353 24.9899 23.7553 24.4116 25.0856 25.4611 
29.5114 30.1825 25.7356 27.9212 24.9697 26.3734 27.5869 27.7564 25.986 30.9893 28.0009 24.6762 24.6584 24.7926 25.8869 27.837 27.9148 26.7414 24.8484 29.4999 26.5678 29.0544 24.0929 28.2378 28.3282 26.2346 21.7407 24.2052 28.0711 27.6856 22.1026 26.6155 25.2263 28.1365 26.0122 25.3135 26.4931 23.9507 23.6744 26.4885 28.0508 28.7494 25.7434 23.8216 25.0493 24.737 28.5143 24.3544 25.1535 26.3569 22.6855 26.7296 28.4013 23.547 23.3363 26.5395 26.1778 25.593 27.991 25.8854 26.112 27.1431 25.1662 26.0012 28.9829 22.0923 27.7449 24.8583 25.7676 29.1777 26.2708 24.7115 24.627 28.8636 25.6129 23.5325 25.238 27.6477 26.0546 27.1239 26.7525 24.2425 25.2104 25.8362 26.9005 27.2447 24.9746 28.0623 27.7434 28.7098 29.1587 24.1767 25.4643 22.995 24.9049 25.6986 24.7945 25.6444 27.5389 27.026 
31.1423 32.3711 26.0225 30.616 23.8086 25.2525 26.1652 29.5256 26.8151 29.3519 28.06 24.8743 24.6588 26.7979 24.7388 27.8282 26.6005 25.9573 27.4743 29.37 25.852 29.4852 24.9334 28.1271 29.752 26.3855 23.3117 26.4987 28.4707 26.2433 23.5718 25.975 25.8201 26.6344 26.4015 25.1667 28.0369 24.4953 25.4145 26.3359 26.2425 28.0849 27.2578 25.1082 25.5549 26.4077 29.2013 23.4817 25.3821 28.1557 23.7471 26.6803 30.4077 25.6489 25.7556 24.9685 23.9576 27.1988 28.8006 25.3291 24.407 25.8529 26.8549 26.017 28.3987 22.653 27.3489 24.9933 26.5034 28.4169 24.6262 24.47 24.888 26.7399 27.5264 22.8932 28.375 29.3024 26.2042 28.7295 25.8432 23.5912 26.7194 25.8177 25.1651 29.7575 26.1344 30.3507 27.289 27.6256 28.9644 24.4503 28.7808 24.1768 26.6784 24.8769 25.8702 24.4655 27.3284 28.2908 
30.4282 29.6227 24.5487 29.6269 24.5082 26.3615 28.0754 28.6177 28.078 27.5873 27.1558 25.4269 26.6758 25.4002 24.3292 26.8118 25.7927 26.6704 27.9056 29.0461 26.9305 29.4081 24.306 29.6819 28.8234 24.1945 23.7201 22.8772 25.7448 25.9776 22.8765 25.4506 27.1466 26.5593 25.9208 26.6366 26.2566 24.124 25.1695 27.4324 26.5722 26.3677 27.874 24.3338 24.883 25.5659 28.2121 22.5751 26.3582 25.7771 23.2026 27.0354 27.7578 24.7009 24.8386 25.8372 24.7591 26.6447 27.6472 26.2187 26.0665 27.626 27.1727 26.8774 27.5134 23.614 28.2869 27.4435 25.6479 29.3121 26.8898 24.9856 24.996 25.7353 24.3994 23.5305 26.3979 28.3495 26.1643 27.3832 27.1874 23.4611 27.4888 26.8372 26.4719 27.1132 25.8147 29.8064 26.8429 28.8619 28.4068 25.6252 27.9954 22.9128 25.0637 26.3876 25.3896 25.9523 26.8331 27.5943 
28.1894 27.2214 25.0016 28.3861 20.6184 25.0283 24.4521 27.5957 24.6454 25.9936 27.1589 24.4363 23.0995 22.5924 22.9434 24.9023 24.7534 24.7117 24.918 26.9107 24.8311 28.5163 23.438 27.9915 26.9325 24.965 22.5634 21.9398 25.0383 23.4981 23.0151 24.2614 22.1023 24.7577 25.3039 23.9285 24.0172 21.9356 23.0936 24.1181 25.8698 24.5761 25.0067 21.7697 25.4167 22.6766 26.4243 24.5959 22.6218 24.6485 21.3904 24.3463 26.7074 23.5023 21.086 23.9947 22.5319 23.368 27.1337 25.0981 23.1926 26.2925 24.661 24.698 27.9612 21.724 25.1275 23.6682 24.3393 26.5199 23.9675 22.3692 23.6056 24.1483 24.1551 21.8216 22.6327 24.5589 26.2653 25.0488 23.8187 22.0173 24.4003 23.2371 24.6374 26.2755 25.3525 25.6851 26.7797 25.5532 26.6655 23.2619 25.9881 21.0983 24.4774 24.0186 22.6658 25.4241 24.4522 23.2593 
30.0318 29.0714 25.0803 25.9093 23.7628 26.0425 27.4598 28.6603 26.5878 28.6702 28.2896 26.5595 24.2027 24.0577 23.0549 27.2007 23.9094 25.9042 24.7664 29.9617 24.9254 29.5552 24.1874 27.6559 27.3822 26.0069 22.3569 22.4597 26.6029 24.7393 22.6483 26.4524 23.695 25.7242 25.8888 25.6074 24.962 24.5527 23.333 26.2824 26.634 24.6654 24.9215 23.4982 24.3555 23.5907 27.5276 24.0275 24.4917 25.7438 23.0187 27.2369 27.198 26.5245 22.496 25.9535 24.7148 25.939 28.6349 24.5346 24.9047 27.5105 25.5239 27.2042 27.436 23.2766 26.8442 24.4896 25.814 28.9872 26.8227 25.5157 25.2431 25.745 25.5985 23.3015 24.5311 25.9402 23.907 26.2478 26.6341 23.3022 25.258 26.4183 24.8428 26.2913 24.2038 28.7654 26.6802 27.6049 27.831 24.4122 29.2128 22.3442 23.2138 24.0484 25.2635 24.5478 26.1779 25.4861 
29.6799 29.5412 24.2935 28.2808 22.1633 23.2679 25.4319 28.3999 25.005 28.0208 26.254 21.4943 25.1925 24.6129 24.5935 26.7237 24.6288 24.3444 26.1139 28.3069 26.3203 29.1001 24.1271 26.8797 25.5573 23.2438 22.1421 22.9429 24.9171 24.6338 23.2017 23.5822 23.6042 25.4302 26.3761 24.9465 24.8113 22.6688 21.4949 25.9136 25.8518 26.7871 24.7163 22.131 24.5789 25.0139 26.5295 23.3459 23.675 26.7255 21.5731 25.6281 27.497 24.4402 22.6628 22.6417 23.2833 25.1718 26.9037 24.0308 24.7235 25.4468 25.2783 24.227 27.2011 21.4894 24.8155 25.8519 23.9701 27.7351 24.7265 25.6088 23.4902 26.1642 23.1555 22.3613 24.9566 27.3687 24.6681 25.6333 25.2729 22.0048 24.2974 24.4647 23.7226 27.1258 22.8567 27.7599 27.3664 26.3028 26.4754 24.5364 24.6707 22.0521 24.9016 23.9619 23.4315 25.3946 26.2069 27.2169 
27.5312 29.7047 24.6057 27.2793 22.7192 24.907 25.9312 26.9908 24.64 27.4541 26.7974 23.9323 22.9466 24.883 24.3335 26.6168 24.4902 26.58 25.2247 27.8342 25.4111 26.6839 25.4522 28.2442 27.2512 25.6189 20.2671 22.5437 27.4994 25.5139 21.9343 26.6372 24.4797 25.6745 25.2405 24.5434 26.2004 23.2071 21.7248 24.9063 25.4928 27.8726 24.5695 21.2898 25.6743 24.0019 26.3547 23.652 25.1041 24.2168 22.6611 26.6413 27.3443 23.9236 22.3046 24.8007 24.3992 25.6548 27.2899 24.91 24.3857 24.6983 24.9929 25.1071 28.0473 20.3379 27.6428 23.7985 24.2465 26.7484 23.3131 21.5971 23.2104 26.3598 23.6 21.8143 24.061 25.8719 26.0277 26.7255 26.3978 21.9903 25.0448 23.3212 24.4691 24.5574 24.0493 28.2741 25.8365 26.8777 27.3235 23.3291 26.1648 22.6353 23.9189 24.1977 25.9571 23.3926 24.9891 26.1226 
26.973 27.5433 24.0666 27.5641 22.0027 23.992 24.8029 26.7291 26.1539 27.037 26.0212 23.3819 24.1336 24.47 23.0035 25.1827 24.6535 24.7344 27.5234 27.2094 25.3168 27.6494 24.113 26.3559 26.1354 23.4999 21.5277 23.4771 23.1831 25.9174 22.5551 24.7542 23.945 25.866 24.5167 24.9318 25.6348 22.8531 21.2735 25.3894 26.7122 25.5607 25.372 22.5541 24.9201 24.1123 25.5468 24.6305 23.8855 24.7195 21.8331 26.1668 25.4874 22.6307 22.6301 25.9066 22.8776 24.1332 27.3093 24.7942 25.6977 25.2285 25.2572 25.9614 27.6816 22.1641 25.022 23.6331 23.8335 27.3083 25.3812 22.7803 22.8174 26.4167 22.9287 22.0994 23.945 26.5469 25.1054 25.1937 25.053 22.7776 25.2626 24.4062 25.5272 25.7662 24.1343 27.3091 26.7995 26.0679 27.2172 23.4004 25.9423 22.7727 22.6591 24.7988 22.3281 24.0682 23.9029 28.0391 
27.2388 28.0351 24.1054 26.3959 22.7523 23.1598 26.204 27.1944 25.2468 26.9503 24.3937 23.3715 25.7099 26.2851 24.3852 25.3465 26.5864 25.9361 24.8057 28.3223 25.1482 28.8681 24.4496 25.4748 25.0226 24.1757 21.0212 21.8129 25.5683 24.8231 21.5909 23.2431 25.2322 24.9361 25.3607 23.9461 24.4783 23.0989 22.5066 25.2109 26.1395 25.8901 25.9206 22.4038 23.3896 23.1647 27.7982 24.5719 22.7938 24.6293 21.5376 24.6014 26.2682 23.0646 23.2193 25.311 24.2526 26.0089 26.6749 23.8113 24.3781 25.4052 23.6972 25.6951 27.3306 22.0996 26.5905 23.0464 22.8276 28.0326 24.887 22.2667 24.0528 25.2604 23.1374 22.3182 24.5999 27.3101 23.758 25.1948 24.4508 21.2109 24.378 24.404 25.0151 24.331 23.4244 27.6037 25.6535 26.4182 27.4068 25.1341 27.2018 22.8685 23.1598 25.6494 23.1269 25.3657 24.6731 26.1018 
30.9408 29.1616 26.2336 30.13 24.0348 25.7806 27.9177 30.9536 29.4037 29.7486 30.2747 26.6835 25.5081 28.4413 25.7517 28.1697 27.5627 28.6494 25.9212 31.7643 26.9476 31.3775 25.4917 29.9488 28.2774 26.158 23.0061 25.2697 28.5444 27.7488 25.2979 27.7766 26.292 27.5813 27.6907 27.0045 27.9334 25.5043 24.5776 28.0618 28.1581 27.9463 28.4556 24.3206 26.3434 27.703 28.8385 25.599 27.0255 27.9081 24.8879 28.839 30.0499 26.897 24.4038 27.0374 27.3984 28.8158 30.4861 25.7054 27.7209 28.4706 28.9287 28.1686 30.3027 23.4489 28.0439 27.1162 25.263 29.9645 27.097 25.4885 26.8975 28.2713 26.7369 24.2034 26.5544 28.36 27.9403 28.9611 26.4547 25.054 27.2466 26.7934 25.6238 28.945 27.0787 29.0999 28.8318 28.4612 31.2323 25.5654 30.7473 24.3686 27.3532 26.9406 26.3713 27.7354 29.6851 28.8677 
26.204 26.3832 22.3995 25.7076 21.2467 22.9529 26.1608 24.423 24.8107 25.0872 26.5043 23.9094 22.6595 23.4144 22.2522 24.7118 24.3199 23.9976 23.3695 27.7152 22.9097 28.2606 22.2459 26.6824 26.6029 21.9397 20.2222 22.4605 24.4544 23.1001 21.2466 25.0331 22.8582 25.0442 24.6241 23.4271 23.7312 22.7588 20.7761 22.4529 24.4371 24.5453 23.5926 21.7248 24.085 22.5592 25.9913 24.0743 22.7387 23.2559 20.539 24.596 26.3183 22.8658 20.6062 23.4588 22.76 24.9148 24.8061 23.9761 22.5365 25.0035 24.9686 24.0165 25.4844 19.1324 24.7047 21.874 22.7983 26.7233 24.0905 21.0305 23.552 23.3364 22.6538 22.0876 22.6034 25.2152 23.5874 24.0697 23.8188 19.9819 25.2773 22.6696 23.8954 24.8721 23.0672 26.2264 25.4018 25.6441 27.3765 22.8931 27.0049 21.1375 23.5249 23.5848 22.6192 23.2369 23.952 24.8951 
26.1966 27.0295 21.6404 25.5721 20.9405 23.3924 21.9582 25.4832 24.3401 25.5927 23.8894 21.5317 22.8155 22.3583 21.8968 23.5395 24.1453 23.2307 22.8807 25.0156 23.2704 26.6244 22.925 24.2682 24.0407 22.2971 19.544 20.9451 22.4333 23.7106 20.6874 23.1681 21.3019 22.6381 23.6116 23.8256 22.4686 21.0488 20.2243 23.3401 24.0893 25.3371 25.1316 20.1147 22.6342 21.4139 24.902 20.9851 21.6723 23.5978 21.5243 23.5262 23.2632 21.6109 21.1427 23.9852 21.8079 22.6594 24.8036 22.0345 22.683 23.6435 22.029 23.5088 24.8911 19.8718 22.5718 22.1278 22.5095 26.7392 22.2349 22.2847 22.1306 22.9821 22.295 20.5074 22.3785 25.5403 21.7412 23.2362 22.6609 22.0524 22.9674 23.2839 23.2267 25.1478 22.6761 26.5649 24.6019 23.4642 25.907 22.3932 23.6387 22.3578 22.7713 21.7258 22.5735 22.3276 23.9775 23.7242 
27.0218 28.2045 23.9089 27.4197 22.6354 23.8575 27.0061 29.5943 25.1539 28.6375 27.7397 25.2517 24.2972 24.411 24.5558 24.9538 25.1316 26.3685 26.9682 26.9126 25.3834 27.9814 24.2894 27.3248 28.4622 25.975 20.3023 21.2772 25.251 24.0157 23.9935 24.7864 23.6727 24.3201 25.4439 22.9921 26.2712 23.0894 23.3208 26.1199 25.8869 25.4888 25.1705 24.8938 23.1182 24.0322 25.8434 24.2285 24.0968 26.1617 21.0851 25.1381 26.7814 24.2147 21.8983 24.7317 23.0543 24.7622 27.0251 24.2066 25.737 27.5844 25.8907 25.4142 27.6517 21.4389 26.7722 23.6576 25.5483 27.6044 26.6183 23.5481 24.9478 28.5211 25.9762 24.3526 24.1968 26.9767 25.3799 26.5853 25.313 22.1698 25.6612 24.7665 24.602 26.7859 23.5993 29.1814 26.8716 25.976 28.191 23.6055 27.9104 21.969 24.3549 24.8262 23.2333 23.0465 23.8671 26.2017 
28.9232 27.557 24.6457 25.8392 21.5492 24.9631 27.5397 25.9264 25.1829 25.8426 26.4336 23.7859 22.9123 24.2049 22.9957 25.8317 24.6741 23.5659 26.3999 27.4166 23.6361 27.2402 23.0486 27.1418 27.9934 23.7573 21.6415 22.0271 25.0769 23.4914 22.2078 25.1864 23.1671 24.9206 24.4075 24.522 24.2899 23.5745 22.5751 25.0531 24.9142 26.1898 23.8509 21.184 25.4983 23.5469 27.1902 24.8196 23.1265 24.515 20.9609 24.3622 25.5447 24.5084 21.7377 24.7336 23.9741 26.1113 27.6972 23.1689 25.0003 26.2756 26.596 25.6738 24.4393 20.8524 26.866 24.1525 25.1435 28.2929 25.1725 23.8451 23.0415 25.6873 24.1107 22.9994 24.2677 26.8619 25.0781 24.8596 26.4546 23.1249 26.5384 24.249 26.0283 26.8015 22.5882 28.0541 26.9425 25.6697 26.066 24.3269 27.125 21.4718 24.022 24.3682 23.9212 25.8282 25.3879 25.7371 
28.372 30.3929 26.08 29.8394 22.7944 25.9101 26.971 28.9589 29.0052 28.8862 29.8766 27.0123 25.292 26.7994 24.8977 26.922 27.1074 26.6738 27.9342 29.7617 27.6975 29.6379 26.2508 28.6485 28.8775 26.2183 22.5905 24.2774 28.3827 27.8664 24.0306 26.8489 25.2951 27.1285 27.34 27.8084 26.8903 23.4245 25.1744 26.7582 29.5539 28.2916 27.9731 24.5769 28.2885 27.59 28.3181 26.4406 27.0297 27.1809 23.6741 27.8676 29.235 24.447 23.6348 27.0718 24.8056 27.067 30.5462 27.906 25.6036 28.4681 27.879 27.0019 30.1138 24.226 27.2618 25.2833 24.5703 30.1149 26.5472 23.863 26.079 28.4794 27.354 24.2769 26.1195 27.7228 27.7339 28.2755 25.2375 24.4402 27.6083 25.622 26.9963 27.1112 26.1631 30.4615 30.4718 27.3608 29.2942 24.7831 29.7715 24.9495 26.1734 26.3429 25.6941 25.9844 26.5773 28.0651 
30.0869 28.9617 25.4137 27.4639 22.8833 27.2467 26.4785 26.9843 27.4283 27.1954 26.9545 24.6821 25.8117 24.1854 23.6133 25.8689 25.7406 25.7015 25.2385 29.1523 26.115 29.5146 24.6527 26.366 28.3809 24.5416 22.899 22.5629 26.1598 24.0675 22.6688 25.6332 26.4295 25.8265 26.8413 25.4198 26.2331 23.1848 23.947 24.8954 25.6149 25.2559 27.3783 23.2708 26.0015 23.4897 27.9045 21.7763 24.0403 25.5819 22.1482 25.816 26.2686 22.6837 24.0091 24.3466 23.3462 25.0446 27.5384 24.3318 24.4374 27.2794 25.1316 24.8164 27.7082 22.2191 26.1058 25.4765 24.5994 28.9613 24.5374 24.5557 24.3283 25.3076 24.3951 23.0114 23.448 26.2891 26.2686 28.2514 25.7612 25.7869 26.2708 24.7168 24.6585 26.4386 24.241 28.3688 27.2891 27.1944 26.8012 26.075 27.0593 23.0737 24.835 26.4105 26.0337 25.4514 26.2922 25.7306 
24.7568 26.7 23.2227 25.4911 21.8913 23.2504 24.7472 24.4478 24.8252 25.6392 25.7163 23.6109 23.7056 23.4473 22.7224 26.3572 23.5699 23.166 25.899 27.5365 24.1907 27.3366 23.3585 26.115 27.065 24.7152 19.9603 21.9966 24.596 23.5581 21.3656 23.7197 23.1593 24.6144 24.8976 23.8933 23.6285 22.9363 21.9962 24.0131 24.6031 25.2863 24.2625 22.8357 23.9888 22.6862 26.3547 23.4819 22.0961 23.2398 20.0507 26.8558 25.6198 23.183 21.4218 22.863 21.301 23.6698 25.0978 23.4729 21.7954 24.7341 23.8412 23.8932 25.7494 21.1527 24.9892 21.288 23.2175 27.7705 23.9066 24.1478 22.8952 24.6607 22.9295 20.7274 23.0564 25.4922 22.1682 24.7116 23.5435 19.8326 24.4971 22.0137 24.2547 25.4573 20.5347 26.9927 25.4837 24.7491 26.0994 22.0166 26.1204 21.6104 22.8678 23.4546 23.7328 23.264 23.6006 25.1049 
28.5802 29.2395 25.245 27.1272 21.7711 23.2588 25.1588 28.8694 25.9109 27.2928 28.7326 25.2749 24.9577 24.9721 23.9703 26.9047 25.0351 27.0709 27.1181 28.6455 26.8986 28.3767 25.0985 27.4655 27.6813 26.2754 21.4174 23.3877 26.455 24.9206 22.179 25.7042 25.8975 25.6686 25.6193 24.6134 26.6105 24.2404 22.8793 26.8354 26.348 25.8646 24.9249 24.4709 26.0859 25.4581 26.9132 24.1193 25.5378 26.3212 23.3025 26.7717 27.3632 25.166 23.3117 26.8723 24.2235 27.7128 28.3079 24.7427 26.0277 26.3916 27.7523 25.3505 28.3741 22.2282 28.6711 25.5499 24.711 27.9972 24.6535 22.9511 23.7631 26.3908 25.3595 24.0074 25.2635 27.4901 27.5422 27.5573 27.1549 24.2656 25.6353 26.0264 26.1899 25.1082 23.6285 29.0893 27.4254 26.8397 27.0735 24.3789 29.2221 23.1085 24.1789 25.2185 24.1691 24.3675 25.8685 27.689 
28.6247 28.7462 25.0456 27.0331 23.7606 24.7602 25.6203 28.3606 27.2355 27.0031 27.5611 25.8016 24.1433 24.0072 23.2649 27.2091 26.3813 25.6628 27.4134 28.2957 24.9434 28.4455 25.1078 26.6905 27.8849 24.9071 22.4202 23.7752 26.1649 25.1647 23.3328 25.962 23.8932 26.8365 25.8451 25.613 25.6834 25.1654 22.736 25.3739 26.8387 26.8747 27.3876 23.4066 25.6295 25.9296 26.3943 24.4793 24.2951 25.2903 23.3927 28.2009 27.1813 24.7932 23.9821 25.0361 25.0342 27.1502 27.7653 23.9548 23.7112 27.4751 26.3558 25.5835 27.5639 22.055 26.9119 24.4881 24.9832 28.274 24.748 23.8148 23.3269 26.1151 24.8532 23.197 25.0059 28.6633 25.1963 26.2965 26.5296 23.7894 24.6733 25.0824 25.5649 26.5265 24.5368 26.4892 27.9479 27.1756 28.4176 22.7906 26.9803 24.2286 25.4755 25.7844 24.6289 25.4946 25.9027 27.5118 
28.2635 26.1815 24.5178 28.3051 22.4824 24.7223 26.7197 26.8376 26.1026 27.2863 27.5052 24.2866 24.3118 24.2242 22.9318 24.8427 23.6371 24.3703 26.3033 27.9291 23.7234 28.5218 22.5232 26.8519 29.0927 24.5174 23.0816 22.6364 25.6934 24.9883 22.681 24.2694 23.7608 25.4238 23.7506 22.4518 23.9257 22.7699 22.7025 24.8283 24.5499 24.9828 26.1916 22.0288 22.9463 24.2314 27.6494 23.1187 23.4935 25.3224 20.9687 27.339 27.5998 24.1501 22.7918 23.8854 24.154 25.6668 26.5894 24.5835 23.6767 25.2433 25.1045 25.2856 26.2586 22.4245 25.502 23.0546 25.1315 25.9119 24.7871 23.6857 24.0944 24.9535 23.7819 22.1556 25.1148 25.6026 24.4719 25.9723 24.2497 22.4923 25.4478 23.4518 23.2225 26.8498 24.5184 28.9214 26.124 27.0626 27.7707 22.2686 28.6012 21.6867 23.783 23.773 23.1949 22.5509 25.1161 26.6179 
28.7852 29.6303 23.5813 28.0416 23.7185 23.481 25.8915 27.3097 27.7354 28.0312 27.455 25.1191 24.7312 25.9885 23.552 26.3855 26.797 26.02 27.7276 29.1972 24.2031 28.1535 23.9457 26.6672 27.4334 24.3091 21.9513 23.0952 25.6072 23.3122 22.6079 23.7533 22.9062 26.7027 26.2064 24.5977 26.9309 23.1249 23.6715 25.3142 26.9466 25.3615 25.8172 23.6497 24.1994 26.1516 25.9882 23.215 23.0527 24.453 22.0358 27.5724 26.2537 24.2821 23.1329 24.0473 22.7083 25.3143 27.33 25.092 22.3222 26.3745 26.3164 25.5292 28.252 20.5728 24.5542 25.0935 24.4562 26.0972 24.9157 24.9256 25.2873 26.1666 25.1656 23.4357 24.053 25.8581 25.016 25.6419 25.9053 21.3943 26.042 25.0147 24.1675 26.4638 25.0904 27.2887 25.617 26.2952 27.4829 24.3899 27.7049 22.3629 25.2126 25.8544 24.0706 24.6443 24.5727 24.0498 
26.4431 26.257 23.1561 26.2402 23.3819 23.3547 25.5916 26.5696 25.9071 26.1223 25.6177 22.8298 24.1647 22.6243 23.4352 25.7316 25.3334 23.6919 25.0795 26.521 23.1826 26.7252 23.2498 25.2428 26.0798 22.4626 20.9792 21.6844 24.7525 23.7993 22.1016 24.1749 23.9655 24.7199 25.1127 22.4513 24.5593 23.0946 21.5775 23.9574 25.6476 24.9142 24.9404 21.2043 22.4663 23.6949 26.6299 22.827 22.7598 23.7451 21.291 25.9971 25.3847 23.6705 21.7332 23.4598 22.012 25.3347 26.1018 22.4691 22.1891 25.5402 24.1889 25.3236 26.3174 21.3465 25.2471 22.975 24.568 25.9472 24.5399 23.1983 22.9564 25.536 23.4873 22.0329 21.4337 25.8701 22.7737 24.2372 25.2691 21.036 24.6306 23.6414 24.0156 25.0165 22.8691 26.4044 25.0212 26.6627 26.2765 22.9139 25.3933 22.1651 22.8438 24.6764 23.3265 22.6074 24.5931 24.5876 
27.8539 26.5416 24.3224 26.6801 21.109 22.8163 24.3833 25.0514 27.6211 26.0375 24.9188 22.8647 23.4624 22.9413 23.014 26.0429 26.1251 23.1874 25.695 27.1113 24.1567 27.75 23.692 27.1378 24.7915 23.2481 20.8389 22.7897 24.4635 23.1858 21.4733 24.4573 23.7623 24.6382 24.2479 23.4218 23.3858 22.4245 23.3599 24.0436 26.7231 25.3714 25.3688 22.6659 25.3061 24.3804 26.4813 22.6656 22.4553 25.1481 20.9804 24.3531 25.1485 22.7759 22.4453 22.6219 23.8654 24.74 26.5688 23.409 23.3454 25.2532 24.646 23.778 25.8039 22.4614 23.7361 24.5108 25.0213 26.8682 24.4087 22.7792 22.8334 23.2005 22.778 22.2244 25.6401 27.8323 23.2362 24.567 23.8387 22.4105 26.5586 25.3063 26.2978 25.7699 22.7224 26.4315 27.0986 25.4635 25.6534 23.447 24.2515 21.5052 23.2832 25.5903 22.3495 24.6861 24.3188 24.7256 
26.1709 26.3287 22.7947 25.0897 22.5876 22.8905 25.8803 26.8139 25.138 26.3663 26.896 23.6968 25.3596 23.0136 23.1097 25.9582 24.613 26.604 25.6073 26.8762 24.7903 26.6093 25.0349 26.215 26.3 22.8916 20.354 21.5023 23.9486 24.1131 21.4694 24.2094 23.5044 23.964 23.5038 22.8472 25.1056 23.2005 21.4587 24.8924 24.0612 25.6083 24.7703 23.5664 24.3944 25.9146 25.7413 24.3757 22.4675 23.7009 22.1895 26.4025 24.0945 24.0662 22.4554 24.1787 23.019 26.7291 26.32 24.2398 23.9505 26.6149 27.4403 23.4354 28.1177 21.6153 26.0771 25.2133 23.4775 26.4607 24.2811 23.8036 23.2903 23.7555 24.3401 22.2843 22.2909 26.4006 25.0245 24.7693 26.2474 21.1057 25.6121 23.9859 25.3978 24.5888 24.8746 27.9691 26.487 26.942 26.8282 22.8312 26.8304 22.1387 23.5381 23.7059 21.5366 23.7524 23.7143 25.4917 
28.1446 27.6781 24.0534 26.2779 21.4813 22.2186 26.0687 27.0313 25.5695 27.7909 27.3092 23.8803 23.8278 23.64 24.4003 25.6022 24.9655 26.4817 26.1877 27.5341 25.2253 28.1445 24.3438 26.8904 26.7858 26.0578 20.4575 22.6033 26.2079 25.3076 22.2855 23.963 22.3064 25.8038 23.057 23.6702 24.1226 22.8196 21.9068 23.8966 26.8353 25.5226 26.3017 24.1237 24.6291 23.962 26.9241 22.7903 22.1098 25.6289 21.5086 26.6113 27.4412 23.8952 23.2955 23.4245 25.5954 25.9911 27.7303 24.8476 24.7624 26.87 26.4455 25.0956 26.452 19.1363 26.7469 25.0815 25.738 26.6719 24.2927 21.756 22.8368 25.2289 24.7085 23.0502 24.8563 25.7752 23.8558 26.6769 26.1057 22.7351 26.2669 24.7261 25.6545 24.2115 24.5461 27.7439 26.7978 26.8107 28.2198 23.8115 28.1607 21.3671 22.0349 24.0093 22.8031 22.0995 24.0726 24.6779 
28.967 28.4453 24.992 26.1909 22.8022 24.4605 25.7937 27.3139 27.021 25.9189 27.3375 25.051 23.289 23.9474 23.8877 27.3912 26.0088 27.0265 25.6407 28.9963 25.1494 28.1912 25.2284 26.7699 26.8632 23.3424 21.2334 22.0039 24.7357 24.616 22.917 24.7222 24.1311 24.2957 24.0412 26.0995 25.0065 24.5211 23.2761 25.3533 25.4187 25.9058 26.4668 22.8912 25.9721 25.0828 26.9324 23.584 24.771 24.331 21.8438 26.9875 26.3087 24.6056 22.8176 24.0603 24.6911 26.8684 28.5367 24.4755 23.2344 27.068 26.0121 25.2936 27.8711 21.979 26.2878 24.7265 24.9761 26.9865 25.6624 25.0227 23.5167 26.0965 23.4666 22.6697 23.5221 26.9524 23.8894 26.1686 26.3288 23.7706 26.2276 23.8473 25.6384 25.428 24.4558 29.0309 26.6851 27.9561 27.1573 24.1043 26.8543 24.1549 24.7703 23.8801 24.5845 25.5964 25.7131 25.9102 
27.0284 26.1648 23.9136 25.6854 21.8415 23.1417 23.1585 26.1312 26.1828 27.6205 28.1919 24.5881 23.3465 23.5708 23.6022 24.8701 24.4152 22.9931 26.7069 26.8455 25.4839 27.1673 23.2802 27.3145 26.5919 24.1821 20.7608 22.3441 24.2582 23.6657 21.892 22.7851 23.4298 25.9051 23.5415 22.7147 22.9439 22.3927 22.0382 24.2587 24.2936 25.7631 26.4811 23.6973 24.2441 23.977 24.8779 24.429 23.5716 25.1457 21.627 24.6996 25.9289 23.8669 21.6997 23.2705 22.0252 23.7114 27.1732 23.7119 23.4397 24.6065 25.3785 23.522 28.4189 23.7447 25.3087 22.8813 25.0342 26.2697 22.8737 24.9497 21.821 25.2505 24.5283 23.3402 24.3402 25.1948 24.1605 24.9266 23.0903 21.2272 25.0687 23.5467 24.0805 24.8244 23.1529 29.0643 25.9487 25.5575 26.3263 22.8337 27.3849 21.8587 23.0326 23.6377 22.1563 23.3596 23.5563 24.9958 
29.0512 29.6014 25.0359 27.5256 22.7439 24.5554 27.57 27.5495 26.8441 28.1527 27.2728 24.0914 25.8839 24.1655 23.8999 24.9406 25.1726 25.4577 27.2777 28.2399 25.6123 28.9837 24.1437 26.7034 27.4276 24.4338 22.9084 21.7255 24.7992 25.9798 22.1884 23.6377 24.8892 25.9473 26.3256 24.479 26.1808 24.2646 22.6873 24.3744 25.8452 26.6116 26.3867 22.6844 25.4586 24.3488 28.5909 22.788 24.1842 25.8274 22.281 27.1295 26.0011 25.492 22.3303 24.7716 23.446 25.9109 27.3381 24.2671 25.6765 25.4866 25.7072 25.8834 27.4678 20.8281 27.4095 25.8834 24.9782 28.2465 25.7416 24.5672 24.1032 25.6983 24.4346 22.7064 24.731 27.2882 25.4446 25.6719 25.5287 23.908 25.7347 25.6548 25.4424 25.8938 23.544 29.5436 27.3956 27.8342 26.4716 24.4169 26.6257 22.6977 23.3663 24.4761 23.9852 24.6607 26.8647 25.5634 
27.2428 28.449 23.4168 26.5688 24.2286 23.464 24.7753 26.3593 25.3732 26.5558 25.6584 22.917 23.3518 24.7758 23.5914 25.561 24.454 24.842 24.9222 28.5209 24.1438 28.3605 25.8757 24.5331 25.4759 24.5756 21.7168 22.8066 25.0355 24.1909 21.8443 24.7831 23.0126 26.4669 26.0048 22.9164 25.0658 20.9674 22.2371 25.0596 24.7214 25.8192 25.5745 20.8824 24.2787 23.8795 26.2921 22.0961 23.4715 23.6124 19.6644 26.352 25.5746 23.2294 21.8525 24.3479 23.5857 24.5827 26.53 24.2406 24.1647 24.9765 25.0048 24.2973 27.8345 20.8442 25.4064 24.2039 22.5539 27.101 23.3071 21.2731 24.6051 24.0296 23.97 21.196 24.3161 26.2109 23.0663 26.0209 25.1663 21.4499 25.3137 23.2566 21.3393 25.5498 23.0975 27.2113 25.2656 25.2625 27.1456 23.7164 24.7884 22.8918 25.6657 23.5062 23.7129 22.8559 24.5624 25.5241 
27.4126 27.8697 25.4635 28.6967 23.3361 25.274 25.2302 28.3304 25.9548 27.3555 26.7004 26.1816 24.5081 25.7792 23.6285 26.4376 25.8559 24.1618 24.5698 28.8178 26.1004 28.3823 23.5603 28.4118 27.8612 24.7859 23.1069 23.718 27.0782 24.1853 21.8004 24.4718 24.214 25.4485 26.2196 25.3155 25.8427 22.9819 22.8783 24.3155 26.2985 25.7612 26.3972 23.9046 25.8172 24.0696 27.4645 23.9101 25.07 25.6032 21.6575 26.4383 26.8774 23.2109 22.4216 24.3668 23.4094 25.1546 26.1501 25.052 23.4866 26.859 25.8288 23.9003 28.1061 22.8455 26.6041 23.3409 24.9017 28.126 23.4243 23.4058 23.881 24.7414 24.7162 21.6417 25.3111 25.8973 24.5149 26.4221 22.7967 22.2633 26.3939 24.3147 23.9173 27.546 24.135 28.3007 25.9424 26.3244 28.7518 23.359 24.9775 22.8639 24.7875 25.0118 25.3603 24.9772 26.1578 26.7425 
25.0241 27.2135 22.8841 25.3959 19.7862 22.4779 24.7569 25.9952 25.4565 26.3214 25.1785 22.5213 22.2351 22.4983 21.7918 25.042 23.9812 23.5707 24.1904 27.1338 23.4396 26.9318 23.5678 25.3551 24.9212 22.5961 19.7084 20.9468 22.622 22.6144 21.6279 23.2704 22.71 23.1077 22.8455 22.4172 25.0534 22.2582 21.7269 23.3515 25.2925 24.7349 22.8177 21.8087 21.7244 22.3277 26.1589 22.5863 20.1239 24.7132 20.445 24.3863 24.6193 24.3945 20.5983 23.8003 22.3396 25.6738 26.6995 22.0872 24.1781 25.541 23.6478 24.2436 25.0719 20.2869 23.6739 22.3214 22.3632 27.1271 24.1093 22.9517 23.441 23.9052 23.6109 22.2926 22.3742 25.8447 22.9591 23.8111 23.786 21.8323 23.8676 23.8596 24.573 24.9367 20.638 25.0522 25.3321 24.8337 23.922 23.6852 25.2695 20.9313 23.0961 23.7032 22.7973 24.2731 23.0753 23.7273 
30.0386 30.4559 26.0628 27.165 22.3158 25.9978 26.7075 30.2079 26.9631 28.1354 28.3872 25.3899 25.9515 26.2638 25.4264 26.9321 25.5264 25.7031 28.387 28.1454 26.2678 29.1759 24.7241 27.2697 27.625 25.5693 22.1901 24.3979 25.6553 24.8712 24.1341 25.4894 24.9555 25.4501 27.1525 25.8013 25.0553 26.1634 24.0541 25.6111 27.2841 26.8069 26.7033 25.9538 25.7304 25.5709 28.2868 24.4973 24.2267 26.5867 23.0987 25.9066 27.3277 27.0077 23.4341 24.9504 23.3486 26.4652 27.3216 25.069 25.5319 27.6375 26.9454 26.645 28.9775 22.6966 27.5494 25.0281 24.9522 28.0191 27.4607 25.4997 26.2377 27.4393 25.5152 23.5446 25.3987 27.7173 25.4883 26.2106 26.9749 23.322 26.4487 26.3636 26.0481 28.3605 23.906 29.0792 28.176 28.3816 28.9192 24.7793 27.6601 22.7946 24.7831 26.3135 24.0401 25.1007 26.6807 26.768 
28.7845 29.9504 23.8268 28.9976 22.8145 24.0922 26.6411 28.0992 27.7841 28.7233 27.7625 24.2887 24.6602 24.8439 24.2646 27.2764 26.969 26.3447 25.7248 28.7345 25.685 28.7077 23.5549 27.037 27.4249 24.6543 21.4624 24.7124 26.6029 26.2863 23.3578 26.7945 25.5908 26.6323 25.7876 24.4932 25.2774 24.3725 22.1594 25.6768 25.6675 27.4339 27.6187 23.2865 26.298 25.6893 27.1467 23.038 25.7468 26.2348 24.223 26.4558 28.3146 25.4491 21.5788 25.7089 24.8441 25.2198 27.1729 24.0893 25.4177 25.8669 25.7633 25.9027 27.1026 22.3037 26.6617 25.6878 24.3868 28.1499 24.6717 24.6303 24.9852 26.7513 25.8027 22.1106 24.9692 28.0346 25.525 26.9746 24.9188 24.2449 25.2821 26.0571 25.5537 26.8766 25.3445 27.802 28.3071 25.7086 29.0289 22.8173 26.2868 24.1282 24.1159 24.4104 24.9986 23.7645 26.0076 27.1269 
27.3101 27.2042 25.2876 26.7948 21.9343 23.3423 25.165 27.5064 26.3275 25.2059 26.503 23.5613 23.7925 24.8929 23.0914 27.9409 24.3725 24.8238 25.1727 27.9578 24.8508 28.251 25.0305 27.4345 26.6764 24.398 22.0057 21.7771 25.1247 23.9599 22.6165 24.8746 23.8397 23.7981 25.739 24.0817 25.0666 24.2461 23.1299 24.077 27.1632 25.5095 24.7107 22.562 24.9153 24.9564 27.5608 24.5611 22.1725 24.0973 21.1557 25.6937 25.6288 24.3986 22.7775 24.8718 24.172 27.1361 27.5102 24.1636 24.8182 25.9594 24.5397 25.2802 25.3545 21.8238 26.2841 23.7343 24.6352 27.1769 23.9509 22.9916 23.4905 25.8549 24.4287 21.8834 24.7591 27.8226 23.0355 26.7778 24.7856 21.7762 24.9758 24.6807 24.9846 26.5009 23.6984 26.7495 25.9287 25.1312 27.6024 23.8326 26.6379 21.3899 23.8986 25.7589 24.3561 24.7796 25.1452 26.5276 
31.594 30.4557 24.9134 30.6025 25.5026 26.5441 27.0634 29.8155 26.4956 30.0011 28.9631 24.5752 27.4809 26.0342 25.9199 28.399 26.9516 27.4396 28.1237 30.8266 27.853 29.7238 27.4606 29.2379 27.5592 25.5873 22.663 25.2186 26.2258 24.7788 23.8055 26.9331 26.5293 27.5628 26.887 26.1678 27.1587 25.3337 24.6255 28.0637 27.0867 27.0658 27.1833 25.601 25.249 25.6883 28.9422 25.8991 25.1012 26.7059 22.5726 27.4302 28.7412 26.7062 24.6444 26.9753 24.6427 27.7059 29.0075 27.8115 25.811 28.2123 27.5525 27.3289 30.482 22.929 28.1027 26.5076 27.8335 29.0621 27.4297 25.557 24.4288 28.3772 24.2428 23.8855 26.6498 28.7922 26.4548 27.125 28.4677 23.5754 27.2143 27.3911 26.4951 28.0683 25.5492 29.7542 27.3065 28.2627 29.8512 26.902 27.6978 22.4361 24.3154 26.1954 24.9545 26.4498 27.1679 28.6928 
25.4998 26.069 22.3179 26.1839 20.105 23.1865 24.8956 25.4565 24.5824 25.3132 24.7901 22.8345 21.5752 23.665 22.2717 22.9349 23.008 23.0766 24.0976 25.3557 23.6002 26.6896 22.2743 25.4594 24.7092 23.9679 20.6205 21.7942 23.1373 23.4443 20.6615 21.11 20.5793 21.5173 23.5894 21.6018 22.915 21.0949 21.6368 22.1101 25.9493 23.6308 23.4927 20.8728 22.9818 22.1687 25.7143 21.1225 20.4806 23.7665 21.9792 24.3797 24.2224 23.1976 18.8379 24.4749 22.5507 22.5172 24.9384 22.164 23.3646 23.7994 24.5936 23.4018 25.6059 18.1495 22.9005 21.2009 22.8439 26.5162 22.4848 21.5488 21.7589 23.5834 21.9064 20.698 22.0493 24.1614 22.5168 23.2047 22.4089 21.2708 23.2576 23.9072 23.3141 25.58 22.9421 24.1941 25.4752 24.0502 25.4629 21.4568 23.7244 20.4486 22.9159 23.1682 22.0076 22.9777 22.55 22.3829 
27.9709 30.9507 24.6365 27.4937 24.3866 25.2215 25.8147 28.0017 28.1898 27.995 29.8436 26.0348 24.0376 24.9104 25.0314 25.9734 25.2076 25.0353 27.9248 27.8955 25.0997 29.7246 25.8181 27.2806 27.6231 26.1484 22.4649 22.1941 26.0792 25.8033 22.8851 25.5015 23.9399 27.3775 26.4006 25.7627 24.9259 23.8747 23.8812 26.295 27.3568 27.0707 25.8496 22.9864 24.4564 24.9349 28.5648 24.3606 25.3144 24.4566 21.1796 26.957 26.5109 25.3338 22.0926 26.0059 24.2605 25.3306 27.6372 24.4743 24.8269 27.2253 27.5315 27.1929 28.5037 22.0686 27.3537 24.5672 23.4189 29.705 26.0984 22.6651 26.7533 27.5485 26.1939 22.1728 26.2537 28.3824 24.7685 28.2186 25.1544 23.9909 27.3871 25.607 25.5471 26.8249 23.5084 27.5939 27.7129 27.3211 27.2252 25.0987 26.9104 24.3209 26.6491 23.0854 23.9 24.678 26.5878 25.5025 
26.4006 26.6448 22.36 25.3184 20.1218 22.2487 22.2048 23.4737 20.6884 23.8257 23.4195 22.2337 21.9228 21.4318 20.7277 22.2338 20.8376 22.5327 23.0543 23.7724 21.5401 24.0782 21.7808 23.1555 23.8888 22.7501 18.8907 20.9835 21.9084 20.6854 20.6636 23.2065 21.389 22.5275 21.3196 21.4732 22.5645 20.5408 19.8863 21.7371 22.4368 21.6972 24.2881 19.8549 23.8292 22.0891 22.6089 20.0967 21.3301 21.4774 18.5898 21.9844 22.2792 22.1522 20.0349 21.6983 20.0405 20.8753 23.5548 23.5338 21.1735 22.593 23.635 21.5955 24.9093 19.2971 23.6461 22.5533 23.3043 24.2216 21.4178 21.3639 20.5612 23.1053 19.7792 18.4315 21.6101 22.9726 21.6775 22.6613 23.6183 21.0939 23.888 21.2616 23.5677 23.226 21.5008 23.65 22.3611 22.6897 24.2373 21.8701 21.638 18.9547 20.093 21.6844 20.4778 21.2497 20.3165 22.958 
31.0185 31.7995 26.545 30.8695 24.1503 26.7819 28.1405 30.7299 29.0856 30.6589 29.8253 26.1302 27.3743 26.7105 26.0903 29.1936 27.3608 26.9096 28.5731 32.6714 29.2653 31.5205 27.1143 30.6454 29.5838 27.8289 24.2749 24.7519 27.2101 25.5346 24.3485 27.8629 26.5364 27.8495 29.2679 27.1639 28.375 26.6081 25.8622 27.9874 29.3625 28.9724 28.9535 25.7558 28.7695 27.2281 29.5569 27.4236 25.8523 28.419 24.9735 28.5767 30.9239 26.6992 24.5839 27.4912 24.6524 28.1151 30.2824 27.3084 27.8631 28.4904 28.6188 27.4396 29.6432 24.6742 28.4343 27.5149 28.749 31.0905 27.4631 28.0186 26.2306 28.4344 26.755 24.4238 27.5602 29.78 27.6378 26.917 27.0257 23.9749 28.9322 29.1996 27.8532 29.8169 25.8506 30.5163 30.5302 28.0059 29.8824 27.4425 29.223 24.4313 25.8581 27.321 27.6625 27.7694 27.5324 28.3856 
29.7075 29.8918 25.7013 29.3618 23.3678 26.3469 27.7291 27.8854 27.6224 27.7554 27.7636 25.1018 24.5552 27.0099 25.7428 26.8027 26.635 25.8436 26.4739 28.8819 24.8305 30.0176 25.0926 28.3511 25.6906 24.6533 23.0888 22.7883 27.4699 26.6334 23.975 26.3213 25.174 26.898 28.5306 25.1774 24.3677 25.0291 23.2033 25.4042 28.3994 26.4145 27.9038 24.4971 25.2114 24.6448 30.3901 24.3595 24.8126 26.3613 23.6673 26.722 27.4108 25.881 22.4717 25.5688 24.9081 25.3604 28.7816 24.8592 26.6103 27.3688 25.9335 27.1277 28.8652 23.6882 25.8288 25.9789 26.4008 29.0811 27.6844 25.6575 25.6566 27.6238 26.096 22.3077 25.9427 28.8475 26.0258 28.236 26.0168 23.7701 26.8728 26.4402 26.738 27.2054 26.1484 28.3559 29.206 28.3301 27.3201 25.6362 28.0943 23.2484 25.0949 26.1847 25.2225 25.5719 26.868 26.2301 
29.2996 28.3839 26.7685 28.9867 23.1442 24.8252 25.8426 28.652 26.0054 28.675 26.9367 25.6989 24.8464 25.9378 26.5095 26.7119 25.7399 26.3207 25.4589 30.2256 25.915 30.074 24.2696 27.1908 27.1595 25.8431 22.1611 23.7043 27.1374 26.6633 23.0339 25.1077 23.9293 27.2256 27.2774 25.948 26.6878 23.6165 22.8944 24.7178 27.505 26.45 27.776 22.7446 25.1599 26.1254 27.6938 23.3538 25.1359 25.5304 23.2753 27.1183 27.3119 24.8093 22.3142 25.4921 25.0028 24.94 27.4318 25.1234 25.9159 26.5174 26.521 25.9761 30.0917 22.9193 26.0739 25.5813 25.4083 29.5257 25.427 25.0252 24.9362 26.6915 25.4453 23.1793 25.1551 26.7547 25.8981 25.2369 26.279 24.0473 25.7267 25.2575 24.6206 28.5337 25.1122 26.965 25.998 27.7548 28.2161 25.1676 24.3931 22.9769 24.9027 26.1713 24.9478 25.1395 26.2489 26.7813 
29.7432 29.6319 25.9815 30.5009 23.4619 26.29 27.2301 28.8689 26.5581 29.0515 28.6811 26.8017 24.8996 25.1896 24.0705 27.0138 24.5409 25.7434 28.1973 28.1603 26.1404 28.6201 25.5756 28.7715 28.9342 25.4338 22.8382 24.4824 27.5999 24.3763 24.4112 26.1533 24.3823 25.9865 25.1527 24.8022 26.8098 24.8727 23.8629 26.7175 28.3182 26.9363 27.7822 25.2146 25.2644 26.8998 27.6054 24.2485 24.2996 26.9648 22.7066 26.4372 26.4508 27.2633 24.2312 25.7089 25.9197 27.4678 28.9464 26.6512 24.1387 27.8397 26.4624 25.7516 27.9697 22.2019 27.007 25.7898 26.7517 28.101 25.3563 25.4463 24.9304 24.1212 26.0126 23.1811 25.8027 27.3954 25.7767 26.5444 26.4689 23.6251 26.4098 25.6104 27.3806 27.0608 27.3506 29.1553 28.1263 27.3595 29.6173 25.0457 28.2147 21.9104 25.4932 25.2016 24.5835 25.8014 25.2477 26.981 
25.5336 24.7356 21.2961 24.3123 20.2083 22.0173 23.1682 25.0004 24.1692 24.817 24.774 21.3687 22.7194 22.012 21.6073 22.5219 21.5926 21.6969 23.1638 25.0013 22.4073 25.8133 22.2011 24.7935 24.4139 22.3399 20.0422 21.1423 23.1961 21.5401 18.3221 20.702 21.8824 21.1702 22.0544 22.3261 22.4941 21.4934 21.1702 22.6576 22.6089 23.4505 23.3982 21.1054 22.4804 22.4203 25.4959 21.6047 22.0404 21.3792 18.5872 22.1199 23.4436 22.6641 19.652 21.9026 20.2879 22.4177 24.6871 21.6448 22.6519 23.0793 24.0471 23.087 23.1163 19.879 24.7535 21.3413 22.3817 25.3717 22.117 20.9953 20.4806 22.2095 21.1661 19.2769 23.6733 23.7463 22.3018 23.5872 23.5307 20.2393 22.8933 23.0095 24.0725 23.5633 20.8847 25.1979 24.059 23.614 24.8137 23.3324 24.834 19.822 21.5018 21.4999 21.8357 21.2714 23.0777 22.871 
24.3225 23.3565 20.1762 22.556 19.062 21.886 21.688 22.4347 22.1549 23.3056 22.0756 20.9343 21.8682 20.4441 21.4379 22.9542 21.7983 21.8872 21.2667 23.9615 20.751 23.5252 22.8055 22.1891 22.5471 20.8103 18.7947 19.7893 23.1774 21.9333 19.5868 21.8371 22.2185 21.2968 21.8018 22.5855 20.2648 20.0472 20.1122 21.6461 23.5138 22.3607 23.8177 16.9837 20.7751 21.0321 22.6577 19.6326 20.8346 20.9432 19.0121 22.5173 22.2364 19.5571 20.0008 20.3455 21.344 21.2177 22.7073 21.2673 19.4414 21.5893 21.681 20.9769 23.9149 19.4205 21.3832 20.3885 20.4253 24.6729 20.5314 19.929 18.8943 21.5234 20.4311 18.3921 21.3663 24.2794 21.4769 22.5884 20.6988 20.3125 21.8578 19.084 21.6822 21.6643 20.542 23.9033 21.6278 23.079 22.8323 20.6025 21.6603 20.2389 21.2319 21.1721 19.3968 19.9465 21.2092 22.5425 
28.1252 28.2172 23.7346 27.2728 23.5451 25.4018 26.9927 27.059 26.1624 27.6732 27.1578 23.5696 25.7083 22.5013 25.8276 26.9987 25.0238 25.1056 26.7942 28.3512 25.4988 27.6574 23.9211 27.0018 27.534 25.1746 22.1455 23.6894 25.949 24.6906 23.3438 26.1155 25.4527 25.3312 25.16 23.5452 24.6721 24.0617 21.6247 25.8655 25.5463 25.6117 26.4538 23.8515 24.2824 23.8822 27.2535 22.882 23.0483 25.2463 23.3801 26.3761 26.7741 23.9485 22.8053 24.5308 24.7038 25.4129 25.4963 24.2667 25.5137 26.1204 25.276 24.5198 27.5578 23.2281 27.4906 24.0753 24.7932 27.0808 25.28 23.4318 24.3539 27.0304 23.6631 23.8322 23.0768 25.9366 26.775 28.0296 26.8904 24.1046 25.0338 25.9597 24.3365 25.6918 22.2419 28.9347 27.0363 28.3663 27.6953 24.0396 28.1855 22.4019 23.568 25.4709 24.4625 24.5981 26.0345 26.6235 
30.8028 30.9226 26.6569 30.2979 25.3467 27.2513 26.0152 28.5119 28.2136 30.1654 29.83 26.8177 27.1478 27.7952 25.9218 28.0819 27.9947 26.887 27.2706 30.481 27.8194 30.0892 26.5915 29.6816 29.5732 25.1158 22.728 26.3226 28.917 26.6133 25.0428 27.8694 26.2049 27.9529 26.2606 27.6903 27.8612 23.97 24.8651 25.2748 28.9593 28.2799 28.1367 24.949 25.7261 25.8395 29.0698 25.4268 26.219 26.9809 23.7143 27.2613 30.0133 25.3687 25.4728 26.7081 25.8459 26.6866 29.7264 28.5643 25.5154 28.7279 28.0675 27.5762 30.8299 24.1559 27.6336 25.6876 26.4801 29.9606 26.2197 26.1331 26.0349 27.9869 25.1912 24.033 27.3455 28.2381 27.226 27.4706 25.4976 24.2336 29.7169 25.1645 27.2431 29.5141 26.6757 29.4385 28.7992 27.2925 31.5351 26.448 29.9554 24.574 26.4177 26.4145 25.4691 27.1078 27.0709 27.5565 
28.3037 27.3482 24.8864 28.1985 22.7331 24.8505 26.2157 26.6723 24.8987 26.7597 26.2444 23.4638 26.7368 23.9589 24.4211 25.1079 23.8466 26.5087 23.9037 27.797 24.3558 28.5339 24.2919 26.5356 25.5224 23.352 21.0697 22.0239 25.421 24.1791 23.3227 26.2088 24.672 25.4652 24.253 23.7592 25.4379 23.5722 21.0271 24.2345 25.7948 26.0285 26.4348 21.2091 23.4308 24.0026 28.0469 22.7148 22.3669 25.1174 22.1034 25.8578 27.6558 23.7938 22.2784 24.7585 24.5426 25.0104 27.2736 24.5535 25.5083 27.4741 25.8596 24.7373 26.8393 22.2585 25.9047 27.0379 25.3276 27.7265 23.8443 23.6449 22.9284 25.2081 23.1252 22.0107 24.4819 26.9345 25.4636 25.7417 26.044 22.2106 26.1087 23.9993 24.5584 26.1444 23.7863 27.5877 25.9444 25.0097 27.9718 23.5001 26.9028 21.4665 23.8325 24.4867 23.2061 24 23.8022 26.2258 
28.246 27.7014 23.8397 26.8191 22.0751 23.219 26.1528 27.7772 25.7564 26.9816 25.898 22.4982 23.8615 24.4384 22.6724 25.1311 25.3026 23.6725 25.2685 27.7806 24.4077 28.5486 23.5379 26.5855 26.8828 26.2859 20.3231 22.6351 25.4777 24.9888 21.8028 24.9333 22.6761 25.1572 25.4108 24.1474 25.1934 24.0122 22.4386 25.92 26.3691 24.4965 26.0169 23.0978 24.564 24.6111 26.686 24.046 21.4541 26.2102 21.4687 24.3997 26.0885 23.8222 23.4015 24.0595 23.9234 24.8038 27.3874 24.3762 24.8604 25.4874 24.8127 25.4209 27.157 20.0492 24.5156 24.7431 26.9667 27.3826 24.745 22.1646 22.3179 24.3676 24.7399 22.4271 24.9279 25.8513 26.12 24.5574 25.02 22.7861 25.4284 24.851 25.2716 27.8432 23.2222 27.0392 26.498 26.427 26.1406 23.7631 26.1421 21.1416 24.1032 24.9543 22.7299 25.3207 25.5902 25.4176 
29.4003 26.6385 26.7184 27.6501 22.6866 25.3389 25.8048 26.5249 25.3666 27.4133 27.9198 26.0373 24.2163 24.5029 24.2577 27.348 26.8991 26.5595 27.26 28.2781 26.9691 27.9742 25.0879 27.9756 28.076 25.22 20.7301 23.0694 25.4906 25.3842 21.976 24.5649 23.6433 26.3511 24.9868 26.0979 25.8506 23.364 24.7138 25.9508 26.7455 26.5638 26.8353 24.7761 25.4161 25.9894 26.986 24.8644 24.3029 26.125 21.7675 25.9584 24.9029 24.0849 24.148 24.8882 25.3841 26.2304 28.6038 24.8756 24.3506 27.7287 27.523 24.6878 28.7209 21.5537 26.2872 24.8972 26.3015 28.3982 25.7814 26.0037 24.365 25.8455 24.5316 23.9787 24.2471 26.4192 26.0237 25.6903 26.4102 24.7876 28.0782 25.8087 25.4951 26.5332 26.3973 28.9753 27.1954 28.9689 26.6244 25.8576 26.9036 21.9577 24.8585 25.7361 22.8497 25.8319 26.0846 26.9034 
27.3632 26.6362 22.1012 24.6213 20.9356 22.7204 24.1649 26.1424 24.2009 25.4003 24.644 22.9005 22.836 22.4418 21.9719 24.7947 24.7436 22.8234 23.2738 26.0259 23.188 25.6759 24.3887 23.4901 23.1412 22.8627 19.1613 20.8189 24.6519 22.1925 19.6875 23.7794 23.0017 24.4496 24.6748 23.7983 23.3124 20.7422 20.8833 23.8374 24.492 22.8489 23.7718 20.8088 23.2922 21.7488 24.7909 23.3322 21.6329 23.4713 20.5167 23.58 23.1421 21.8443 21.3985 23.5576 20.929 22.2817 25.3641 22.3898 22.4966 25.8422 24.0152 23.9518 25.6335 20.766 23.6488 22.8067 24.4182 25.7576 22.6467 22.1211 22.1298 24.2483 21.6155 20.0175 21.837 24.7804 21.6936 22.4696 24.1287 21.1464 24.3835 22.7752 23.6857 24.0553 21.8727 25.5131 24.0481 25.8057 23.9527 22.8621 23.2783 21.7148 21.5277 23.3502 21.6 23.5724 23.5994 24.0689 
31.3649 32.8853 26.1878 30.6527 23.7344 26.2586 30.0873 29.999 28.8778 28.3981 29.286 25.8471 26.3802 27.2061 27.0053 29.2399 28.6877 28.1009 27.4525 32.1009 26.3015 30.9655 24.6437 29.6486 29.9208 27.1742 22.7114 26.0858 27.0946 28.0242 24.3025 27.8995 27.6763 27.6244 28.9567 28.0599 28.7141 25.5957 26.4784 27.9188 30.1506 27.6687 29.9245 25.5868 27.0519 27.2027 31.1564 25.6145 25.6131 27.0939 25.5246 27.4823 30.2734 27.4792 24.6901 27.9334 25.8923 28.5216 30.03 28.0874 27.8403 28.1866 29.5419 27.9619 29.429 23.4578 28.386 26.4751 27.2237 31.6877 27.1206 26.5509 25.469 29.0997 26.078 25.0356 26.354 30.8312 27.5228 27.8649 28.2329 24.9453 27.7367 27.618 28.6941 30.2234 26.5681 29.3145 27.5135 29.551 30.4129 27.8786 29.5612 24.598 26.2195 27.9849 27.2812 27.8638 27.538 28.2088 
29.8696 30.9109 27.4146 30.0003 22.4385 25.9492 28.5412 28.8526 26.9413 29.1295 27.9732 24.8443 25.9982 24.9566 25.1566 27.2678 27.7956 26.3508 27.4012 29.614 28.0778 30.2582 26.7988 27.3514 28.1551 26.8369 21.2324 23.5581 25.9116 25.6984 24.4724 27.748 25.4894 27.9213 26.692 25.3072 26.965 24.1234 23.2504 26.5822 26.6469 27.0844 27.5479 25.8361 25.9732 26.3352 28.5857 26.2186 24.7499 28.0784 23.4952 28.4152 29.1514 24.0263 24.6708 25.7043 25.0779 27.0855 28.1745 25.2685 25.2703 29.1918 27.7381 26.2715 29.7004 20.9908 26.2558 26.2768 27.3725 29.2555 24.7762 25.2845 26.7464 26.4655 26.7152 25.2003 24.9007 28.4798 26.5916 27.7105 26.2024 24.4993 27.257 26.628 26.3437 27.226 25.5127 28.5694 28.7737 28.8436 28.4868 24.4512 29.0596 23.7362 25.4595 26.3109 24.8714 26.2854 26.9593 27.3058 
26.8916 26.3464 23.3184 27.2641 21.4207 23.0216 24.3687 25.8358 24.7137 24.9675 25.9315 21.9875 23.6847 25.957 22.8031 25.141 24.7588 24.2165 24.5612 27.5321 25.6014 27.0594 24.0639 26.4582 25.7183 22.8953 20.4253 21.8096 24.4097 24.221 23.2113 24.4571 23.9843 23.6346 24.7272 24.2547 25.0976 22.4389 21.5373 23.9378 24.9293 25.8246 24.3691 20.9587 22.9202 23.6648 26.4083 22.9347 23.0298 25.0737 22.4063 25.1336 25.5149 23.9801 21.5857 25.0096 22.8666 24.4743 26.8737 23.784 24.6499 24.0445 24.8916 24.0986 27.1254 21.5751 23.0578 23.7044 23.7176 26.5256 23.4725 22.5993 23.9279 24.8858 23.8141 22.3253 23.9101 26.7794 25.0598 25.5527 24.1957 21.9937 24.1026 24.002 23.6308 26.1029 25.3193 26.9385 25.5276 25.2705 26.4952 24.2753 27.482 21.3517 23.3189 24.6453 23.6276 23.711 24.7332 25.9628 
24.4275 25.1852 22.769 24.5014 20.9224 21.8038 23.2799 24.0824 25.1704 24.8079 25.5396 23.1314 23.0514 23.514 20.6886 23.6582 22.6251 23.2972 24.9996 25.7603 22.2769 26.1866 22.3967 23.8545 25.1334 21.0749 20.8729 20.5806 23.7422 22.8552 21.4948 21.3463 21.0323 22.582 23.1027 21.7208 23.5955 21.6724 21.5554 22.2821 23.11 23.0695 23.2045 21.1687 22.6109 22.8309 23.8248 19.8787 19.87 23.3552 20.1592 23.8721 21.2697 22.5172 21.4834 21.6321 21.5963 24.701 24.8069 22.1544 21.8764 22.5288 22.4838 22.3912 24.7905 18.3849 23.0074 21.5982 22.3848 25.5831 22.4775 22.1886 21.519 23.5092 23.5141 20.5091 22.9408 24.5733 22.8616 24.0323 21.4448 22.8384 23.7979 23.9405 21.9712 24.0225 23.5093 25.1441 25.2057 23.0117 24.3516 21.6388 24.5292 20.8813 22.3486 23.211 21.9359 22.3772 22.4149 23.9424 
28.9767 29.0158 25.6459 28.4432 24.4387 26.3033 25.1104 27.746 26.8721 27.8454 27.5697 24.8744 24.5152 24.8498 24.5175 26.5662 25.6713 23.7231 26.9028 27.8194 26.0344 28.3955 25.093 27.4632 27.2864 24.4822 22.7619 24.9418 25.5175 25.522 23.2663 25.5789 23.7473 25.7603 25.5181 24.4726 25.8726 24.9013 23.7021 26.5928 26.5499 27.1883 27.8171 24.4123 25.4978 26.8392 27.8337 23.4014 23.7367 26.0067 22.2878 26.968 26.4854 24.3407 24.4812 24.3369 24.833 25.4075 28.2609 25.5052 24.1104 28.1234 25.6439 25.5111 28.0628 22.0434 24.6497 25.4921 24.5523 28.0447 25.2874 25.4398 24.5051 24.4605 25.975 23.1499 24.4752 26.9559 25.2908 26.194 26.3167 24.7447 26.2702 24.8938 25.851 28.6395 24.04 28.5876 29.6718 26.6239 27.3108 23.7188 26.8725 23.6216 27.5571 25.1651 24.8493 27.3303 27.796 26.0866 
26.6541 26.2471 24.2655 25.5912 21.373 23.3197 23.7414 26.1155 24.2368 26.3887 26.3114 23.524 24.266 23.5587 22.1012 24.6775 25.904 24.6377 23.7019 27.0442 24.1954 26.0905 22.8269 25.3615 27.3285 23.9876 20.3288 21.669 24.8787 23.8624 21.1559 24.063 24.5683 24.3424 24.525 24.665 24.8748 22.5683 22.3755 23.1566 25.319 25.5026 24.819 21.7168 23.4432 22.6276 27.4188 23.0018 22.3551 23.9272 20.463 24.2606 25.1808 23.0619 21.4755 22.931 22.2177 23.937 25.4436 23.4538 22.9091 25.2512 23.3401 23.0152 25.8184 20.9232 24.247 22.6669 23.3253 26.4671 23.5244 21.4752 22.7597 24.5717 23.6401 20.6976 23.3146 26.2085 24.1866 24.9191 23.8147 21.6749 23.8811 22.2657 23.4955 25.6868 22.2794 25.8847 24.7893 25.5345 25.7401 23.7938 25.1784 22.1439 22.5827 24.9238 22.7856 22.2191 24.694 23.6316 
25.8571 26.084 22.2375 25.8442 21.1839 23.1883 22.2759 25.4125 22.9341 24.7163 26.0223 23.5707 23.3025 23.2924 23.1226 24.4674 24.3748 23.7988 24.0006 25.8241 23.5682 26.0662 24.3647 26.0865 24.619 22.9505 19.6011 22.3162 23.2346 23.2909 21.3046 23.55 24.1187 23.6927 24.036 22.6186 23.3413 20.7042 22.3624 22.1279 23.5662 23.942 24.0179 20.7254 22.9127 21.4813 25.396 21.7512 21.7373 23.2994 20.8449 23.9308 26.3027 22.7692 21.4512 24.5791 21.7301 21.9358 25.4681 23.9264 23.8149 24.6485 25.3995 23.2781 26.1655 21.3787 24.0165 22.064 23.0953 25.8679 22.6323 21.9391 22.8993 24.1465 21.6887 20.8648 23.1675 24.4816 25.776 24.3333 22.3793 20.799 24.447 22.3968 21.4857 24.5693 22.8968 25.2276 23.8237 25.0573 25.4361 22.1533 26.5638 20.4273 23.1394 22.8375 20.6974 23.3942 23.7727 23.1394 
27.5896 25.7182 23.4276 25.1836 21.6177 24.1064 25.8519 25.1733 24.0458 25.154 24.8222 24.6512 22.7766 23.6559 21.8012 25.5433 22.89 23.1255 24.3702 26.2617 22.261 27.9418 20.6471 25.8446 24.59 22.7261 20.8525 21.0142 22.2508 23.2386 21.1256 22.8524 22.6746 23.3666 24.2122 23.1252 22.9886 21.9746 23.2915 23.2281 24.5214 23.4566 23.2093 20.1166 22.1696 20.7456 26.5959 21.7555 21.6336 22.911 20.3311 24.8216 25.1341 23.7961 20.0381 23.8008 21.5309 23.2274 25.7045 22.3526 22.9974 24.6302 24.0296 25.3426 25.6317 21.0978 24.7147 22.2937 23.1661 27.3612 24.1541 24.247 22.6036 23.7156 20.9038 21.0842 22.3757 24.3604 23.0075 24.0903 24.3788 21.8197 23.3609 24.2507 23.9885 25.7824 22.3753 25.2879 25.5855 26.1359 24.2001 22.3818 25.2053 19.3484 22.4665 23.5865 21.4942 24.5631 24.3298 23.9778 
28.6045 29.2445 25.8725 26.8679 22.179 24.2898 26.7146 27.5595 26.4233 28.0602 25.2415 24.4047 25.2691 25.3186 23.8387 27.5892 26.9645 26.1708 25.5659 29.2391 25.239 29.5805 25.6522 26.9902 26.4666 25.3354 21.7562 22.2094 26.2427 25.2537 22.4508 25.5031 24.9149 26.6319 25.6233 25.9289 25.8705 24.7494 23.9311 25.8137 25.927 25.2512 27.2025 23.2609 26.0836 23.9396 28.3639 24.1498 24.5055 26.2571 21.9256 26.8582 27.9046 24.4405 23.937 25.3405 23.0812 25.7548 29.4469 24.0415 25.6057 26.2131 26.9451 25.5128 27.7852 22.4379 27.7418 25.4482 26.4279 29.1458 26.1946 24.1432 23.6966 27.6153 25.1283 22.568 25.721 28.2143 25.2295 26.7456 26.4028 23.2064 27.4397 25.0942 26.8118 27.646 22.3332 28.6753 26.7171 27.4069 25.7671 23.8669 26.7664 24.1003 23.7856 25.6631 25.5358 24.6243 26.0845 26.9448 
27.8466 29.0689 25.2693 27.9526 21.2929 24.3439 25.2225 27.1053 25.7984 27.8805 27.2448 24.0264 24.1078 24.527 24.2728 25.6902 25.991 24.0165 26.7361 29.1574 24.7153 28.2821 25.6027 27.8403 26.8964 24.6388 21.9098 23.0535 26.6812 24.132 24.0993 26.3608 26.0492 25.5346 25.9701 24.2851 26.0941 23.6088 22.2555 25.348 26.4218 24.7399 25.4282 21.7507 25.4855 24.2905 29.2513 24.4397 22.8546 26.9943 22.0773 25.0915 27.0967 25.7093 22.1246 25.5136 22.7815 26.3101 25.9237 25.0314 26.4176 26.3554 25.0621 25.6998 27.4692 21.8486 26.3462 23.8296 26.0973 28.1868 24.5377 22.858 24.1598 25.8394 25.1917 23.3184 25.2146 26.7222 26.3147 26.4126 24.5251 24.0484 24.9268 24.2168 24.6254 26.3724 23.2114 26.0486 26.9622 25.7103 27.4675 25.547 27.1051 21.4105 24.1596 25.1423 23.4321 24.0232 25.2985 24.7963 
28.7541 30.048 26.5775 28.9467 23.8954 25.9142 25.3444 27.0401 27.499 28.4297 28.6082 26.4213 24.6314 26.1412 24.2546 27.024 27.6323 25.0224 27.5886 30.4648 28.0946 27.9008 25.7479 26.6816 29.0608 25.6962 22.2424 24.4666 26.6178 24.707 22.7478 24.136 24.5986 26.6479 26.0848 25.6185 25.4972 24.4754 23.9187 24.0149 28.1213 28.1011 27.6245 24.6944 27.5085 26.8608 28.0209 23.7413 24.1145 25.886 21.8216 27.7967 27.4304 25.8628 24.2798 25.347 24.4385 25.9955 27.5371 25.94 23.8285 27.5349 26.7331 25.1095 28.4002 22.7199 26.1388 23.0218 24.3552 29.3423 26.0744 25.3732 26.134 26.8858 25.2495 21.7678 24.3086 27.8922 24.5665 27.1745 24.6405 24.4183 26.542 25.834 26.0394 28.3475 24.8683 28.2087 29.0758 28.431 28.3963 25.504 27.2198 23.2169 25.266 27.5572 25.2162 24.8906 28.1213 26.2339 
26.0244 24.169 22.9281 25.2419 19.1103 23.1218 23.183 23.3443 22.9564 24.1269 24.002 21.1011 22.4993 23.8514 22.0443 23.2213 21.904 23.3205 22.9715 26.206 22.5979 26.1393 22.1256 25.54 24.1043 22.6858 19.5748 20.4702 21.7876 21.455 20.4742 22.5794 21.851 23.2821 23.5138 21.8815 22.6757 21.8323 22.0684 22.5668 22.6215 22.1214 23.0478 20.308 22.9266 21.3983 24.5485 20.7945 21.3556 21.6947 19.7963 24.2341 23.9465 21.1643 20.4034 21.947 21.7694 22.1514 23.602 21.1782 22.6974 22.4664 21.6007 23.8009 26.0384 18.8919 23.5517 21.9835 21.5132 23.7519 23.227 21.7317 21.3507 23.0401 19.9098 20.7458 21.931 22.9049 23.0146 23.7858 22.0359 19.9251 22.905 22.1517 21.0683 22.3858 21.0179 24.4377 23.0063 23.2559 24.1364 20.4314 24.9235 19.511 20.9103 22.0677 20.4111 21.5629 23.0879 23.8026 
23.8813 24.6169 20.2332 22.6177 20.1005 20.5824 22.7546 21.3806 21.0439 22.2822 21.7408 20.9822 20.8502 20.1396 19.7835 22.1296 20.3362 22.0239 22.0403 23.6967 21.0488 24.1817 20.8368 22.189 22.4641 20.0243 19.6176 20.3088 21.2917 20.7512 18.7261 22.4158 21.6569 21.7708 21.9972 20.5249 21.9131 20.8072 17.7244 20.7927 20.9822 21.7471 21.6987 17.6872 20.8485 20.7055 24.4093 20.9228 19.4582 21.6212 19.0041 22.974 23.2541 20.3106 18.1048 20.5835 20.9148 22.3005 22.6278 20.7256 20.9185 21.3401 21.5483 20.1925 22.6318 18.372 21.6374 21.1648 22.2478 23.8884 21.6032 19.5087 19.3377 21.5516 19.0001 19.9196 22.779 23.4335 22.1384 21.6298 23.3352 20.0212 22.8169 21.3424 18.9449 22.004 20.0898 24.0678 22.43 22.53 22.8198 21.5201 24.2302 17.8186 21.41 20.8373 20.7363 21.745 20.0059 22.8779 
29.5255 28.0923 26.2197 28.3172 22.2717 26.6608 28.1253 29.6429 28.3765 27.0324 29.7825 27.2792 25.788 26.8199 24.993 28.1975 26.2586 28.5329 27.5311 30.3334 27.8064 29.7129 25.4069 30.7227 28.5004 27.3487 21.58 24.0697 26.7616 26.0882 23.3296 27.5894 26.1476 26.6101 26.693 26.9004 27.7244 26.2324 25.5485 28.1027 29.0943 27.1553 27.1404 25.2139 26.5384 26.2646 28.3194 25.876 25.0753 27.1724 24.3562 28.0453 26.7815 25.7027 24.4456 26.1081 26.3423 27.608 30.4931 25.481 26.6053 29.3434 27.9021 26.9869 28.8365 24.2566 27.1959 26.287 28.5419 29.4495 26.5574 26.9472 23.8373 26.0489 24.5917 24.4755 25.3513 27.7043 27.0199 26.7362 27.2832 24.3661 27.1918 26.3226 28.6799 27.433 26.8318 30.7574 27.8391 28.9694 30.1823 24.0151 28.7962 22.787 25.2912 27.2322 24.6425 27.1861 27.6492 28.699 
30.9582 29.3103 26.8804 29.4701 22.9182 26.8359 27.576 30.8302 27.5419 28.0572 26.8749 25.4097 24.7428 25.9947 26.4983 28.804 26.2533 27.2199 26.3574 30.5536 29.0377 30.1135 26.8753 30.3667 27.7351 25.9322 24.4123 25.8081 27.9994 25.7978 23.9947 27.4385 26.5472 26.4581 26.3967 26.261 26.3569 25.1693 25.2146 25.8797 27.7506 26.868 27.2542 26.2363 26.6917 25.436 30.4564 24.8142 25.2776 27.9055 25.3526 27.4044 28.192 25.5535 24.0804 27.2193 26.5661 27.8852 28.4512 25.7016 27.1198 29.9333 27.6466 24.9631 29.5973 24.3757 27.7083 27.1389 26.49 29.1877 25.7204 25.9378 26.1696 26.128 25.4762 25.7968 26.1798 27.798 27.0001 27.8439 26.8395 24.2328 26.9557 26.3269 26.26 28.5381 24.9248 28.8732 27.8189 28.7539 30.6041 25.9563 28.743 23.9875 27.2781 26.2128 27.3353 27.4911 27.3307 28.6456 
25.3132 25.4223 21.053 25.4518 20.6354 21.7972 22.73 25.2739 24.3213 25.0319 25.1539 23.3404 22.5639 22.9358 23.2266 25.3585 23.3194 22.7721 23.7004 26.2538 22.6724 25.7305 21.7811 24.6373 25.445 21.8635 20.9906 22.6429 22.739 22.2106 21.1301 23.8575 22.2157 22.3351 25.1184 23.5333 23.5612 21.127 21.4512 23.3347 25.1712 22.9685 24.935 21.539 23.7134 21.9171 24.2494 21.048 22.3009 22.9651 21.9689 23.571 23.6412 22.7206 20.7921 23.8853 20.6007 22.9466 24.7167 22.0924 21.6927 22.4309 24.0785 22.4625 25.2526 21.1979 24.1064 21.5052 21.7621 26.3985 22.8625 22.3556 22.3117 23.6287 22.4609 21.6071 22.0386 24.3609 23.3 23.263 22.3323 20.7159 23.5132 21.3782 22.7925 25.2444 22.0706 26.0094 25.0012 22.9642 25.6314 22.0989 24.4734 21.5238 23.813 23.9205 22.8141 23.3602 23.1567 24.9117 
30.4208 31.1454 27.1997 29.7268 24.5085 27.9275 28.144 29.4421 27.9094 28.8128 27.7128 25.0597 27.3959 26.6054 26.4102 28.783 28.5981 27.4637 27.631 30.9622 25.9208 30.0609 26.9919 29.0983 30.0118 26.204 23.8171 25.2969 27.4906 26.7018 25.8166 29.0609 26.6988 29.6179 29.1238 26.2714 27.7181 25.8543 25.6476 28.7118 29.0034 27.8533 28.4487 25.5133 26.4497 26.8598 30.101 26.7069 25.4665 27.7046 22.7523 28.4059 29.2321 24.8058 25.8637 26.9878 27.0613 27.8135 29.3711 26.2067 27.3303 27.8764 27.6323 27.0104 29.2234 23.7681 28.0938 26.4272 26.3614 30.1431 26.8895 25.7138 26.8879 28.8016 27.0295 25.1837 25.7129 29.9204 28.884 30.1605 26.9473 25.1848 27.4695 26.699 27.8847 29.0232 25.8933 29.4123 29.0359 28.589 30.2739 26.0889 29.8553 24.6239 27.3091 28.8356 24.8972 26.8968 28.5313 28.1337 
27.0516 25.4726 22.4067 24.8495 21.2132 22.2766 23.584 25.7055 22.9582 23.7671 24.696 22.2899 21.9201 22.1304 21.3841 22.8935 22.7665 23.9818 23.9779 25.286 23.3041 25.4406 21.8099 24.872 24.2469 21.9378 19.4104 20.6073 24.5432 22.3694 20.0542 21.806 21.53 22.5639 22.5124 22.5622 23.3174 20.1578 20.709 21.6699 24.0671 24.6851 23.3323 20.5907 22.0756 21.6391 23.8821 20.7478 20.8676 22.7196 21.9694 23.6284 23.4311 21.5705 21.6379 22.5215 23.5579 24.87 24.7241 23.5342 22.2878 25.1008 23.3147 22.4557 25.1046 19.0839 22.8345 22.4759 21.0048 25.9817 22.1571 21.1956 21.0199 21.721 22.1267 21.1591 22.6646 24.1041 21.9806 21.9112 22.3326 20.7851 23.8335 23.7004 22.0947 22.8122 23.5155 24.8549 23.9259 25.3976 25.3997 21.2511 24.8168 21.12 23.1624 22.9129 22.4673 24.0865 23.015 23.7882 
27.125 26.7811 23.5054 26.9243 23.6615 24.4361 26.1939 28.313 27.8297 27.2724 26.851 23.0612 24.6476 24.1316 23.9104 24.8911 24.0905 24.2607 25.9601 27.5099 26.4556 27.6555 24.0427 27.3544 27.2764 24.6818 23.4738 22.277 25.3667 24.9012 21.5657 22.8493 24.5461 26.6841 24.143 23.0266 24.0285 24.1716 22.2968 25.0281 25.3579 25.3191 27.1941 22.2966 24.5198 26.4172 26.8171 24.0318 24.9392 24.0943 20.9639 25.9595 26.3197 23.7294 22.5014 23.9411 24.6142 24.8778 27.8433 24.2092 24.5 25.9651 25.6477 25.673 27.0689 22.8039 27.1506 24.8495 24.6941 26.8999 25.6557 23.2051 23.3446 25.9768 25.3269 21.2631 24.6889 25.5802 25.1772 26.5759 25.1206 21.5838 25.7255 24.6188 24.6573 24.5403 24.5591 28.5195 25.7511 26.3725 27.2491 24.6063 26.8913 22.4393 23.4891 23.7786 24.8961 22.7673 24.608 26.6496 
28.6346 28.4052 23.1453 26.164 22.9455 24.7294 25.2111 26.0029 26.3197 27.6047 26.0935 23.3842 25.2425 23.3543 22.1287 26.2935 24.8906 24.2053 23.8802 27.981 24.2435 27.3313 22.77 25.3948 26.0493 24.9058 21.8701 22.6321 24.6423 22.9454 22.1916 23.9933 23.9531 23.8217 24.7478 24.9267 24.2859 22.4269 25.1251 25.4377 26.6439 25.2745 24.6467 23.4594 24.4375 23.1398 27.8954 22.5841 23.2821 25.1356 22.7258 25.7132 26.0167 24.4474 21.472 25.9977 23.7648 24.8499 28.4341 24.4028 23.8615 24.6784 26.5665 24.3428 26.7561 20.7696 25.0878 24.8182 25.7202 29.1178 25.0499 25.6086 23.4195 24.593 23.7857 22.6575 23.9432 24.928 24.7417 25.6657 24.0499 22.3051 24.4494 26.4295 25.0959 25.8326 23.4855 27.7804 27.0449 25.6711 27.0218 23.0955 25.2603 22.5005 22.0764 26.0004 24.0495 24.7911 26.594 24.3883 
28.3662 29.7517 24.3426 29.3117 23.9167 25.2867 26.3309 28.1373 26.3389 29.3838 26.9967 25.7422 26.3724 25.9605 25.7912 25.2249 24.7268 25.4208 26.2764 26.4896 25.3888 28.6133 25.0103 27.9985 26.3917 24.8638 22.3449 24.0566 25.5891 24.323 23.2321 26.2001 25.8232 25.0778 25.4397 24.3666 24.8072 23.8201 23.2889 26.311 27.7983 26.7625 26.5322 22.8544 24.6088 24.3055 27.3402 24.0348 24.6224 26.4098 23.2835 24.6651 26.912 24.1339 23.0872 25.7158 23.3317 26.4179 26.6459 24.7274 23.7213 24.758 25.4887 26.0147 28.4336 23.458 27.5713 24.903 25.39 27.8587 25.6741 23.3363 24.6346 25.6649 23.754 23.224 26.2082 26.791 25.0068 26.2691 26.2938 22.5812 25.9647 24.248 26.075 26.0962 24.3079 29.1077 27.1967 26.2874 28.9319 25.2 26.6997 21.4303 24.3746 25.2669 23.3207 25.3688 25.4453 26.3587 
29.6434 27.6124 25.6056 26.3145 20.9903 23.9398 26.273 28.0592 26.3942 26.4077 27.3289 24.4467 25.1564 25.5281 24.287 25.9406 25.3038 26.427 26.42 29.0072 25.3368 28.4756 22.8104 27.1563 27.0468 23.6361 21.9352 24.5284 25.5961 26.3471 23.1926 24.5835 24.8391 24.9831 27.2328 25.1099 26.386 23.5933 24.3476 25.815 25.9054 24.0118 25.5134 23.3679 24.2787 27.1391 26.5909 24.9914 24.1843 25.3475 24.1632 25.5707 25.9769 23.4054 22.2919 24.2263 24.2854 24.2845 27.0054 24.4707 25.1642 26.1077 26.4662 25.9855 28.2352 22.9373 26.4276 25.7748 26.6214 27.7732 25.4972 26.3877 23.8214 25.6834 23.9713 23.6463 24.1264 26.5541 27.7501 24.8901 26.4461 23.4991 24.9112 25.4697 24.8434 27.5754 24.599 27.6667 26.3164 26.6425 27.5045 22.7968 27.8505 22.4773 25.1079 25.6422 24.508 26.1265 24.9108 26.6539 
26.7192 28.1717 24.3761 27.2077 22.5142 23.8397 25.1 26.5588 24.843 26.6408 25.4535 24.4673 23.1372 24.2895 22.5441 26.0248 24.182 24.8212 25.1695 25.8048 24.2167 27.5747 23.0507 24.9294 26.682 23.8119 20.935 23.0829 23.5104 24.7528 23.8267 24.9788 23.4884 23.8341 25.9304 25.6354 23.4345 23.4389 22.0537 23.9102 25.118 25.6221 25.0671 22.1824 24.2596 23.9155 26.8818 23.4226 22.3657 26.4245 22.0728 25.9209 25.2984 23.2638 22.2863 23.6605 22.2114 24.6382 26.8862 23.4782 22.3838 24.8833 23.992 23.812 27.4908 19.8392 25.0446 24.4613 23.7669 26.8564 24.7397 22.8823 23.0321 26.1686 23.9032 21.0417 23.5139 25.2901 24.5342 26.9038 25.5031 23.8337 24.035 23.5572 23.4195 27.9072 23.8866 25.7789 27.0795 26.4194 25.6455 23.8177 26.0189 21.1622 24.0951 24.3431 23.1637 23.7424 24.9403 24.5993 
31.6437 29.3387 24.9194 27.6276 23.0796 25.6308 25.1335 29.6084 25.8599 29.1555 27.9394 25.5481 25.911 27.1293 24.7404 27.0486 25.2433 26.0498 27.5933 28.7323 27.5089 29.1668 25.583 26.9966 27.5679 24.3098 22.6174 24.1382 27.1198 25.9498 23.7419 25.747 25.9209 27.691 27.2473 25.1582 25.7966 23.976 22.8704 26.6193 26.7925 27.8941 26.1336 24.0342 25.1779 25.2945 27.2406 24.9723 24.922 26.5253 22.3941 27.4506 28.2042 26.0509 24.7073 27.0614 24.9772 26.1379 28.5998 26.1904 25.2094 27.2466 26.5398 25.4318 28.8255 23.4559 26.9494 25.3534 23.9654 28.1086 26.1916 24.5847 25.4859 25.8779 25.1057 22.9727 26.7444 29.2826 27.6756 25.5036 26.6643 23.2869 25.8957 25.7192 25.7237 26.5743 24.5835 28.7704 28.1515 27.6314 27.3992 26.1882 27.0392 23.3353 24.6652 27.4822 22.7508 26.579 27.1403 27.5139 
28.3277 29.8052 22.8636 27.5265 23.2379 23.765 25.7418 26.4623 26.7604 26.5386 25.9313 22.6161 24.1006 25.454 23.5455 25.1372 24.598 23.9161 26.6682 28.371 25.5109 26.7529 23.3818 27.0192 26.2587 24.1708 22.5051 22.3337 25.7201 22.9112 21.7312 24.7921 23.2378 25.9446 26.448 23.3442 25.5227 22.8518 21.8441 25.1843 26.7422 26.0312 24.399 22.895 23.8023 24.1939 27.5973 23.3288 22.4737 26.2537 21.6531 24.9948 26.242 23.0077 23.1173 23.9524 22.8884 26.0701 25.9193 24.554 24.5311 24.792 25.2356 24.1488 25.8005 19.7495 25.4185 24.5898 23.8393 26.289 23.7138 22.1343 23.4155 26.1711 23.5133 23.5965 24.9363 26.283 23.7111 24.6991 25.4613 20.8912 25.5387 24.8416 23.5031 25.3312 23.3213 27.0217 26.9053 25.5742 27.4211 23.9531 26.6488 21.842 24.7444 25.9008 24.2632 25.6099 26.2129 25.0199 
27.2539 26.3676 24.4841 25.9233 20.4335 23.1194 26.1899 24.0746 25.4268 26.4139 26.3183 23.7053 22.7961 23.3384 22.327 24.387 24.665 23.5179 23.3118 27.1981 24.4897 26.9167 21.844 25.9744 26.5434 23.829 20.2646 21.1938 23.459 22.9804 21.6268 24.3778 22.3363 23.4182 22.756 24.3973 23.7788 21.5021 23.5234 23.9725 25.8085 23.8177 24.7175 22.4429 24.8839 23.4347 26.2618 24.1111 22.5973 25.318 21.7351 24.6194 23.7354 22.8886 21.0681 23.8754 22.2076 24.081 27.579 22.3351 24.0134 24.3792 24.156 24.4005 28.2133 20.2732 24.8603 24.0491 25.4574 26.1324 24.5621 25.1039 22.7651 24.4254 23.2574 23.5605 22.554 23.6634 23.5564 23.4505 22.964 23.9493 24.6114 24.139 24.312 25.5524 24.7492 27.0315 27.1694 25.6155 25.9001 22.1748 25.5353 20.8959 22.6966 23.7979 22.8165 25.0817 23.5248 24.082 
30.4772 29.6193 23.8777 28.1978 23.246 26.412 29.1701 30.0281 28.7221 27.4529 28.8713 25.9086 25.9613 25.22 24.9081 26.8589 24.814 26.6018 25.7036 29.8374 27.3988 30.1746 24.2012 28.1524 29.5585 24.8656 22.4506 23.8632 25.4962 26.6859 23.7805 27.1117 26.9095 26.3797 26.0416 25.798 27.2711 25.858 23.5105 26.5839 27.6274 25.3357 27.9241 24.3648 25.6953 25.5409 28.5449 24.0921 25.1395 25.8085 25.251 27.9319 27.6818 26.2952 22.3488 27.4282 25.3152 27.5065 27.4591 26.2136 25.9263 26.6934 26.5857 26.2955 30.0261 23.8547 28.929 25.4354 27.204 29.6244 26.6041 24.8069 24.0382 26.9693 24.7341 24.6049 25.2177 28.2773 27.1965 26.4767 26.5834 24.3064 26.2561 26.7792 27.085 26.4456 25.0845 29.0276 26.0713 29.326 29.3028 26.1246 28.1928 23.3073 24.6118 26.1154 25.9521 25.1101 24.9722 28.7676 
27.4864 27.6238 23.3593 26.6936 20.0966 22.8772 27.2419 27.105 25.1976 25.77 25.2397 24.342 22.924 25.1878 21.632 24.6985 21.9233 24.5463 24.9359 27.0685 24.8912 28.4382 22.2733 26.2134 26.0083 24.3829 21.55 22.4398 23.2716 23.8258 21.8373 23.7054 22.516 23.2078 24.2786 23.2601 24.7481 22.0668 21.8221 23.7604 24.7526 24.2813 24.5945 21.5559 23.5726 23.8486 25.6353 23.2739 22.397 25.2137 21.9671 26.2445 25.1714 24.429 20.5722 23.5677 21.8497 25.1626 27.1146 23.3533 23.2394 24.7971 26.4056 24.1271 26.1299 21.2563 24.9968 23.4526 24.8662 26.5125 23.7238 23.6356 23.0524 24.1243 24.1423 23.0813 23.6204 24.8425 24.3624 23.6271 24.4729 22.2159 24.6747 24.3699 24.0025 24.47 23.4767 27.501 25.1133 25.9795 27.3228 23.9795 26.3013 21.0453 23.722 24.7103 23.8527 24.406 24.0897 25.4112 
32.5626 31.1394 25.8192 30.5528 24.694 26.2808 28.6011 30.3808 30.5425 30.7843 29.8601 27.2262 28.1438 27.8443 27.3679 30.5145 30.1637 29.6235 28.5075 31.072 28.6598 33.0093 27.5556 30.1109 29.65 26.9904 23.7465 24.4664 27.417 26.5269 24.9435 28.4465 27.6245 29.4621 30.0817 28.6859 28.4071 26.4234 26.0823 29.1585 28.1645 30.6107 29.1579 24.5481 27.6172 27.441 29.0689 27.9498 28.4596 27.1008 24.8571 29.6814 31.2776 25.2461 24.5163 28.2566 26.1752 28.5042 31.4512 26.7714 26.7229 28.6133 28.9639 29.1047 31.4796 25.7073 29.3691 28.9945 27.6798 30.0897 28.928 26.3968 27.3855 29.885 25.9397 26.7027 27.5277 29.7851 28.7264 28.0139 29.5719 25.0283 28.7021 27.5067 27.0134 28.6108 27.1747 32.9454 29.162 30.6428 30.9861 25.2073 30.2192 24.9982 27.4724 28.592 26.4678 27.9227 28.8934 30.4037 
28.4261 27.506 24.7763 29.982 21.4144 22.923 25.2878 26.849 24.3156 27.2217 27.2454 22.9601 23.502 26.0454 24.173 27.3145 25.4646 24.4241 27.0419 28.3479 26.061 28.6912 25.2217 28.7083 26.7451 24.1016 20.9978 23.1817 25.4253 25.5551 23.2771 25.304 25.9576 24.4278 25.4079 24.8352 25.2702 22.2518 23.751 25.0005 26.7143 25.9227 26.9626 23.1859 25.3488 24.2392 27.7443 23.297 22.5884 26.0475 21.6794 25.9726 25.3119 25.3487 24.3472 25.377 23.5541 26.3577 28.0292 25.0335 25.2424 27.2731 25.9265 24.9615 28.4904 21.7789 24.9183 25.056 25.1409 26.9808 26.3529 23.4238 22.5089 25.5234 24.4271 23.2142 24.5833 26.8589 23.9499 26.6538 24.6107 22.6041 25.5553 22.9529 26.0251 25.5082 24.1245 27.2713 26.6745 26.8345 27.5546 24.2377 26.6991 22.2672 23.0268 24.6673 23.8003 24.2738 26.8421 26.8657 
31.6752 32.7137 27.1168 31.1551 25.4827 28.3375 31.0767 32.3481 30.5207 31.4795 30.6456 28.4747 27.8881 28.1531 27.3321 29.7932 28.626 29.6663 30.0145 32.4363 28.3435 32.8885 28.3189 31.0053 30.9194 28.5951 24.5862 27.2168 29.9496 29.4489 26.1112 29.5707 27.81 29.5213 29.4086 27.8651 29.8647 26.5528 27.1392 29.627 29.8755 28.8497 29.427 25.9907 28.4849 28.2021 31.1335 27.5823 27.8312 29.439 24.8179 30.3618 30.6887 28.7779 26.3925 28.0377 27.8085 30.0498 32.1607 27.2473 28.609 30.932 30.8318 29.8897 32.5586 23.7675 30.4869 27.6282 29.4335 32.8807 29.3005 27.6434 27.0749 28.7458 27.2013 25.3628 27.1774 29.8131 29.6289 30.1032 28.9879 27.8337 30.3949 28.2802 27.8842 30.6539 27.7002 32.2671 30.4085 30.6812 31.9035 27.742 31.1176 24.6638 28.4696 27.9358 27.2932 28.9529 29.9554 30.1913 
31.2291 30.2961 27.3886 29.3636 23.7121 27.8681 28.8864 29.97 27.6329 29.8527 28.7553 26.3451 25.9128 25.38 26.9278 27.9965 27.0924 26.4424 27.7268 29.9347 27.4705 31.6673 26.2244 28.3857 31.0377 28.5219 23.5776 24.7189 25.2872 28.6539 25.586 27.5592 26.3238 29.0912 27.5904 26.5257 27.2828 25.1736 26.7861 27.5188 28.6564 26.7107 29.6348 26.099 27.9246 25.7907 30.5039 25.5531 25.2835 27.6489 24.4601 27.1677 30.3201 25.8614 24.6718 26.109 25.9561 27.1952 30.2052 25.8634 27.417 28.5662 27.3809 27.4572 29.6234 24.1237 29.1684 27.0667 29.0819 31.2805 26.1922 26.8822 26.0874 28.3694 26.2586 25.1295 26.0765 29.2395 27.3554 28.7899 27.5296 25.8188 27.3754 26.0239 27.3875 29.595 25.3364 29.8754 29.4744 29.1764 29.7678 27.5375 29.1496 24.5409 26.5704 27.1888 24.9306 26.9068 26.6975 29.2753 
30.985 29.0388 24.7571 28.1756 22.7823 26.0943 27.4138 30.1441 29.237 29.8023 28.2588 25.4884 26.0354 25.8485 24.7388 27.5714 26.5016 28.1593 27.4028 31.288 27.6586 29.6215 26.821 28.6446 27.7142 26.4662 23.0951 26.2184 27.8582 26.1867 24.1335 26.8686 25.6712 27.0208 26.838 26.1022 25.7468 25.9934 24.5422 27.7906 27.8111 26.8391 27.1223 25.8721 26.1395 26.3313 29.2861 25.7643 25.486 27.3649 24.7876 28.131 28.8691 27.3326 23.236 26.4041 26.9167 26.3743 29.2812 26.4031 26.582 28.7579 27.7772 26.6587 28.3941 23.4323 26.8359 25.7109 27.0165 30.2843 26.9148 25.7411 25.9782 26.8422 25.1761 25.314 26.6822 27.7695 27.5512 26.9972 27.8157 24.8538 28.0852 27.5006 25.9026 27.4475 25.5161 28.6392 29.1505 27.0517 29.961 26.2279 28.4014 24.1347 25.6577 26.802 26.5079 26.1065 26.8179 26.5341 
29.2964 29.7265 26.0371 28.5556 22.5936 24.427 27.1953 28.8055 26.4747 27.2578 27.9285 24.3239 24.1193 25.5402 24.6384 26.3711 25.2231 25.0691 26.6094 29.8356 26.5486 29.6418 24.1958 27.5132 28.8908 24.0189 22.675 22.78 25.8465 25.3615 23.54 24.95 25.21 26.3331 26.5827 25.2022 27.0318 25.3856 22.4583 23.9833 25.9206 26.7028 26.4074 23.0691 25.0332 25.3592 28.4961 22.8764 24.894 25.1848 21.9524 28.3323 27.0719 26.0917 22.4866 25.374 23.7583 26.9458 27.6034 25.4359 25.1045 27.3663 24.6409 24.9166 29.0168 23.0343 27.6497 25.7918 25.2809 28.3105 26.4236 24.7628 24.3107 26.5209 25.1366 23.6152 24.5722 27.1076 24.6553 25.6655 27.4628 23.5479 24.7752 24.759 25.4424 26.9973 23.0857 28.3366 26.4106 28.1498 26.5476 23.8441 25.9269 22.9246 25.7633 24.5111 26.6336 24.3825 25.2877 27.1328 
27.39 25.9496 23.2446 26.7475 23.2798 22.7411 25.4783 25.5828 26.3156 26.9053 27.6973 23.9967 22.3944 23.9316 22.4727 25.2836 24.0086 23.194 25.1659 27.6967 24.7456 27.1925 24.1509 27.1632 25.2394 24.2709 21.6778 21.8377 23.9342 24.3264 20.1896 24.6875 23.9215 24.8098 23.6106 22.4238 24.8997 21.0411 21.3838 23.439 24.5561 22.9928 24.9288 21.1421 24.6929 23.1081 25.6641 23.3066 22.6235 23.5403 20.6537 25.5689 25.0061 21.8248 22.6747 24.192 21.9761 25.7604 27.1143 24.1614 22.7966 25.4447 23.9538 26.6024 26.6633 20.1973 26.2444 23.7463 25.6332 27.0614 23.1793 22.6423 21.7055 24.1767 23.9411 21.9262 23.6911 24.1919 22.7635 23.6141 25.5212 20.8588 25.6106 23.4372 24.5675 23.5423 22.6024 26.0411 25.4477 24.9811 25.1588 23.703 25.7371 21.0238 22.6157 23.8909 24.3479 25.6308 23.6813 24.713 
29.475 27.1785 24.861 29.1342 22.5717 24.9332 25.6316 27.6919 25.4071 28.1584 27.4932 24.1195 24.8168 24.164 24.1224 25.4458 24.7119 24.1615 25.0868 28.1151 23.7367 28.837 25.231 26.9648 26.6568 24.4897 21.9822 23.9493 25.349 25.1524 22.1225 24.4899 24.9798 24.2492 25.696 24.5493 25.5956 23.1401 24.1297 24.6441 25.024 25.1305 27.6815 22.7113 25.3281 25.0321 27.9166 23.4763 24.7292 25.4707 22.0252 26.0555 26.7516 24.0765 21.9223 24.1666 22.8568 24.9634 25.8158 24.5749 24.2277 24.5192 24.6966 26.4766 28.5392 23.162 26.8818 25.1684 24.7402 27.2609 24.926 24.2451 23.8603 25.8593 24.0884 21.5476 24.6277 25.8797 23.5432 26.6066 25.2296 24.0594 25.5112 24.9405 25.0138 26.6532 23.8236 27.6503 27.274 26.3209 27.0442 24.7649 26.9522 22.4269 23.5884 23.3736 23.9853 23.0379 24.6917 25.8198 
28.7514 29.1481 24.3071 26.7644 22.3764 24.6416 26.6051 26.5205 25.6499 27.6019 26.5037 24.7654 24.0696 24.768 24.7485 26.9621 25.0725 26.2439 25.2083 29.2503 25.6989 27.708 25.8299 27.1918 25.6681 24.8778 21.2778 22.9384 26.6394 24.2594 22.248 25.8566 25.1162 26.8815 25.4791 23.8859 24.5294 23.553 21.6069 25.3986 25.4127 24.3892 26.2521 22.5624 24.3594 24.1804 26.5208 23.0427 23.8495 24.9929 22.419 25.5643 27.712 24.3356 24.1315 25.1867 24.7157 25.2551 27.0169 24.3933 26.0227 26.4637 26.6337 25.991 28.2138 20.3586 27.1545 24.4838 24.6482 27.5783 25.3172 24.5381 23.7732 26.4521 23.2257 22.4032 23.6744 25.8914 25.2225 24.8223 25.2826 22.5203 26.9321 24.6399 23.445 25.7331 24.2998 26.3986 25.1606 27.3368 27.3028 24.424 26.7659 22.1163 23.744 25.0974 23.1611 24.1258 25.6557 25.4293 
28.6731 27.4428 24.6655 27.9328 22.8523 25.7227 25.641 28.6001 25.3091 27.8221 27.069 23.5425 25.3761 24.717 22.9004 27.8754 25.0964 24.1033 25.2255 28.1616 25.9485 28.6417 24.3859 26.3096 26.2778 22.9045 21.7068 22.3945 24.3936 23.325 22.1133 24.7187 24.2681 23.4266 25.8289 25.2954 24.6112 22.7689 21.6048 24.5388 25.3623 26.1664 26.3996 23.0524 25.2294 23.9553 26.3242 22.7812 24.1622 25.1947 21.7773 26.5857 26.8758 24.6506 22.4495 24.2578 23.1435 25.1069 27.768 24.7529 23.4222 26.3812 26.0488 25.0628 27.0356 24.5371 25.3014 25.2686 23.7095 27.6387 24.7602 26.1357 24.7574 24.6843 24.7513 21.1647 24.2188 28.0442 23.1556 25.374 24.38 22.034 26.5804 25.1207 24.7726 26.2252 22.227 28.3393 27.5545 26.087 25.2491 23.8502 24.9923 24.1316 23.1246 25.2693 25.3935 24.0543 26.6381 25.6679 
28.3678 27.3016 24.7718 28.5299 22.2527 25.2742 27.2831 28.5343 26.4604 28.4099 26.4679 25.2223 25.4226 25.4213 24.2518 27.4466 27.1007 24.2778 25.3414 28.2035 26.2512 29.084 25.5197 28.4595 28.2119 24.0386 21.9093 24.0338 26.4921 25.5634 22.1291 25.3817 26.0364 26.0038 25.5305 25.12 26.4007 24.595 24.0119 26.5339 26.1758 25.9215 27.578 22.5934 25.0778 25.561 29.206 24.0982 24.8589 26.3683 23.03 26.5532 28.2198 25.6123 24.1486 26.7986 24.7774 27.0946 27.9631 24.9441 25.7842 26.9784 27.3402 25.4364 29.2291 23.3009 28.2476 25.5445 27.7379 28.4634 25.5698 25.7401 24.9563 24.8173 25.1044 22.3437 25.3497 26.9045 25.3219 25.469 25.086 23.8596 26.8142 25.337 25.1335 27.7241 24.7315 29.1456 26.1249 27.4239 29.1259 23.5183 27.4961 23.8113 25.5493 25.0495 25.7828 25.5211 26.7195 26.9969 
29.7369 30.3735 25.6189 29.0361 24.4473 24.3507 28.9076 29.3187 29.1961 30.0324 28.3385 25.8076 26.1638 25.2385 25.8247 27.4439 27.7782 27.4393 27.9241 29.7727 28.2059 28.9147 25.9205 29.3113 29.8029 24.9871 23.8625 23.1156 28.2158 25.2709 23.2172 26.5913 25.6042 27.3212 26.6218 24.9872 28.2732 25.9745 25.2982 26.4618 28.5958 27.7317 27.831 25.5025 26.4309 27.3986 29.4862 25.0899 25.0743 27.3769 24.1997 26.7565 27.6484 25.4064 23.8626 27.0424 24.6929 28.0755 29.3147 25.5759 25.8839 28.1561 28.7165 24.802 28.3834 21.643 29.1282 27.5349 27.3074 29.9772 27.0463 25.5398 24.7947 27.8396 28.0899 23.8013 26.4668 29.4442 26.916 26.7841 26.6914 23.9753 27.0955 27.1374 28.2825 27.3255 25.3621 29.0226 29.8767 27.9388 27.91 25.5521 28.2616 24.6293 26.5665 26.9364 25.8175 26.2267 26.8106 27.1425 
30.2612 28.7588 25.6899 29.1251 23.6955 26.0787 27.6434 27.5365 26.8241 27.5054 29.1403 25.6055 24.6472 24.7278 24.3706 26.444 24.8339 27.1705 27.8586 28.6738 24.4333 29.6828 25.4653 28.1526 27.5976 25.0938 21.7854 23.3709 26.8386 24.506 24.0029 27.4004 23.902 26.8514 24.9966 23.6428 25.18 23.7732 23.9534 25.1683 25.9099 26.4678 26.6372 24.3899 25.167 22.8458 27.6921 23.4475 22.2743 25.5271 22.3735 26.8612 26.8999 25.2298 23.1211 25.7992 24.4797 25.7969 27.0107 25.2713 25.8428 27.3292 25.0348 26.5743 29.3439 21.2535 27.5167 24.9387 24.8328 27.4756 25.647 23.0385 25.4368 25.1999 25.6148 22.8354 24.8273 26.9345 24.4816 27.3598 24.9982 22.9867 25.7123 25.1947 23.1583 25.9749 26.8056 28.2618 28.3924 26.9741 28.7987 22.1919 26.7867 22.7844 25.004 24.639 23.5864 23.8238 24.2294 26.4464 
27.8564 29.0788 24.2409 28.5789 23.0854 23.6427 25.262 28.0463 25.1814 28.7036 28.492 24.3865 24.8251 26.3695 25.2662 25.4302 26.3029 24.7482 25.4741 28.8089 25.702 29.1051 24.2258 26.8765 27.1806 24.3542 21.4267 25.4692 25.7771 25.3415 23.6386 25.0804 24.6649 26.8767 26.2344 24.9574 25.1656 23.4322 22.0524 25.025 26.4976 26.9546 27.9734 22.967 24.8005 26.1324 25.6344 23.1493 25.2777 26.6158 22.2189 27.3594 27.3714 25.4446 23.8037 24.7838 24.5919 25.2651 26.5853 25.6706 23.8482 25.9009 26.8834 24.4063 30.7576 21.0787 24.6858 24.8121 23.7045 26.9081 24.2027 23.9497 24.0759 24.8407 25.7434 24.2343 25.99 27.5596 25.231 25.9706 23.686 24.3062 25.517 24.4847 23.7636 26.5246 24.6872 26.8923 25.5077 25.3828 29.1637 22.4521 25.9146 23.123 25.765 25.6668 24.6526 23.7831 26.3957 25.7573 
25.4268 26.3603 23.2668 26.3872 21.3313 23.1348 23.8187 23.311 22.6331 25.2404 22.5319 21.2358 21.3316 22.1319 21.8211 22.7473 22.7072 21.4045 22.1592 24.9082 22.8492 24.8422 20.1801 25.1821 24.8464 22.1074 20.1686 20.3048 23.7111 23.1348 19.7865 23.1274 22.2803 23.0514 21.7665 21.8666 23.1327 20.555 20.1834 21.79 24.1922 23.5896 23.4093 20.0262 21.964 21.3766 26.4493 20.3043 22.4197 22.3934 19.3928 23.2042 25.6001 22.1687 18.4803 21.5295 21.8424 21.8278 24.6672 21.293 21.7684 22.2405 20.5882 22.5674 24.123 20.676 23.0097 21.143 23.7424 25.1303 22.3689 22.0352 22.0368 23.6861 21.9444 19.6765 23.9961 24.1835 23.0145 23.4174 20.8285 20.0726 22.7151 23.1396 22.3588 22.8564 20.9299 25.0118 23.2801 23.9485 24.1516 22.8946 24.4707 19.861 21.3326 21.8039 22.105 21.7801 20.9318 21.846 
27.6035 26.2306 25.4518 26.4083 21.6608 24.544 24.2488 26.9202 24.7766 26.8159 24.8451 23.2046 25.4338 24.4742 24.0704 25.192 24.534 25.8042 24.7896 27.8275 24.3479 26.7307 25.2279 27.203 24.9909 23.7527 20.8285 21.6986 24.7369 22.2902 21.7182 24.1249 22.6091 23.5991 26.1833 23.432 24.2626 24.3348 23.7619 24.9015 25.6901 25.2591 24.5664 21.3269 24.0233 24.1067 26.5031 23.3104 22.9909 24.6956 21.1664 22.9776 26.1335 24.5543 23.1732 24.45 23.0131 24.4435 27.2235 24.0103 23.8474 24.7891 24.6757 26.1424 26.4028 21.2334 26.0703 22.831 23.926 27.6434 24.9635 24.0085 23.7506 25.0346 23.3723 21.9932 24.6304 26.9017 25.7988 24.366 24.7169 21.1333 24.3827 24.9318 25.1411 25.5496 22.7064 27.7843 25.9909 24.6054 25.8268 23.5073 26.9326 22.2424 23.8566 25.5194 23.6644 24.3209 25.0277 25.58 
28.5143 27.8869 24.7635 27.522 24.0328 23.3833 24.9343 28.0052 27.2243 27.7715 28.0876 24.6921 23.9148 24.7779 25.2784 26.6691 25.187 24.4385 25.6586 28.9475 25.0338 28.8346 25.0343 27.3151 26.803 25.5336 20.951 23.0305 26.8579 25.2683 22.4277 24.4181 23.8096 24.8517 26.1392 26.1071 24.8912 22.5906 24.2858 24.9296 27.2992 25.5294 26.9261 24.2092 26.347 24.4204 27.4191 23.6533 23.799 25.3035 22.1358 26.3168 25.6017 24.2039 23.914 25.5652 23.459 24.3833 28.0574 24.607 24.9105 27.2581 26.9674 24.6851 28.2484 22.8635 25.735 24.7593 24.3817 28.3316 25.995 24.5643 22.8879 27.0339 25.725 23.2339 25.6756 26.656 23.8379 26.5918 24.1871 22.3586 25.8742 23.9569 25.8743 26.3513 22.6751 26.2183 27.2238 26.2498 27.6663 23.9599 25.6583 24.7754 23.7336 24.6176 24.9776 24.5241 26.0421 26.3855 
strategy parallel_threads
threads 8
time_seconds 0.00154883
